Pixel FlatCorrection LaserCorrection TotalCorrection
0 1.0159 0.9833 0.9989
1 1.0147 0.9832 0.9977
2 1.0165 0.9811 0.9973
3 1.0152 0.9811 0.9960
4 1.0177 0.9812 0.9986
5 1.0190 0.9812 0.9998
6 1.0185 0.9833 1.0015
7 1.0172 0.9833 1.0002
8 1.0158 0.9790 0.9945
9 1.0165 0.9768 0.9929
10 1.0177 0.9768 0.9941
11 1.0170 0.9790 0.9956
12 1.0190 0.9768 0.9954
13 1.0203 0.9768 0.9966
14 1.0196 0.9790 0.9982
15 1.0183 0.9790 0.9969
16 1.0204 0.9723 0.9921
17 1.0197 0.9745 0.9937
18 1.0210 0.9745 0.9950
19 1.0217 0.9723 0.9934
20 1.0172 0.9745 0.9913
21 1.0191 0.9723 0.9909
22 1.0179 0.9722 0.9896
23 1.0184 0.9745 0.9924
24 1.0221 0.9675 0.9889
25 1.0234 0.9675 0.9901
26 1.0225 0.9699 0.9917
27 1.0212 0.9699 0.9905
28 1.0196 0.9675 0.9865
29 1.0187 0.9699 0.9880
30 1.0208 0.9675 0.9876
31 1.0199 0.9699 0.9892
32 1.0147 0.9790 0.9934
33 1.0153 0.9767 0.9916
34 1.0142 0.9767 0.9906
35 1.0136 0.9789 0.9922
36 1.0120 0.9811 0.9929
37 1.0104 0.9832 0.9934
38 1.0110 0.9811 0.9919
39 1.0114 0.9832 0.9944
40 1.0125 0.9832 0.9955
41 1.0141 0.9811 0.9949
42 1.0130 0.9811 0.9939
43 1.0136 0.9832 0.9966
44 1.0115 0.9789 0.9902
45 1.0122 0.9767 0.9886
46 1.0125 0.9789 0.9911
47 1.0132 0.9767 0.9896
48 1.0163 0.9675 0.9833
49 1.0153 0.9675 0.9823
50 1.0154 0.9699 0.9848
51 1.0144 0.9699 0.9839
52 1.0146 0.9722 0.9864
53 1.0139 0.9745 0.9880
54 1.0136 0.9722 0.9854
55 1.0129 0.9745 0.9871
56 1.0176 0.9699 0.9870
57 1.0165 0.9699 0.9859
58 1.0184 0.9675 0.9853
59 1.0173 0.9675 0.9842
60 1.0160 0.9745 0.9901
61 1.0168 0.9722 0.9885
62 1.0149 0.9745 0.9890
63 1.0157 0.9722 0.9875
64 1.0119 0.9858 0.9975
65 1.0130 0.9858 0.9986
66 1.0115 0.9878 0.9992
67 1.0126 0.9879 1.0003
68 1.0104 0.9878 0.9981
69 1.0095 0.9878 0.9972
70 1.0099 0.9858 0.9956
71 1.0108 0.9858 0.9964
72 1.0122 0.9898 1.0019
73 1.0120 0.9917 1.0036
74 1.0109 0.9917 1.0025
75 1.0111 0.9898 1.0008
76 1.0098 0.9917 1.0014
77 1.0088 0.9917 1.0004
78 1.0091 0.9898 0.9988
79 1.0101 0.9898 0.9998
80 1.0094 0.9954 1.0048
81 1.0096 0.9936 1.0031
82 1.0086 0.9936 1.0021
83 1.0084 0.9954 1.0038
84 1.0117 0.9936 1.0052
85 1.0104 0.9954 1.0058
86 1.0115 0.9954 1.0068
87 1.0106 0.9936 1.0041
88 1.0092 0.9989 1.0081
89 1.0082 0.9989 1.0071
90 1.0083 0.9972 1.0055
91 1.0093 0.9972 1.0065
92 1.0114 0.9989 1.0103
93 1.0114 0.9972 1.0086
94 1.0103 0.9989 1.0092
95 1.0103 0.9972 1.0075
96 1.0134 0.9898 1.0031
97 1.0131 0.9917 1.0047
98 1.0143 0.9918 1.0060
99 1.0146 0.9898 1.0043
100 1.0162 0.9879 1.0039
101 1.0179 0.9859 1.0035
102 1.0175 0.9879 1.0052
103 1.0166 0.9859 1.0023
104 1.0154 0.9858 1.0010
105 1.0137 0.9879 1.0014
106 1.0149 0.9879 1.0026
107 1.0141 0.9858 0.9997
108 1.0172 0.9898 1.0068
109 1.0169 0.9918 1.0086
110 1.0159 0.9898 1.0055
111 1.0156 0.9918 1.0073
112 1.0150 0.9989 1.0139
113 1.0163 0.9989 1.0152
114 1.0151 0.9972 1.0123
115 1.0164 0.9972 1.0136
116 1.0152 0.9954 1.0105
117 1.0154 0.9936 1.0089
118 1.0165 0.9954 1.0118
119 1.0167 0.9936 1.0102
120 1.0126 0.9972 1.0098
121 1.0138 0.9972 1.0110
122 1.0125 0.9989 1.0114
123 1.0137 0.9989 1.0126
124 1.0129 0.9936 1.0064
125 1.0127 0.9954 1.0080
126 1.0141 0.9936 1.0076
127 1.0139 0.9954 1.0092
128 1.0154 1.0114 1.0270
129 1.0141 1.0114 1.0257
130 1.0149 1.0101 1.0252
131 1.0137 1.0101 1.0239
132 1.0162 1.0101 1.0265
133 1.0175 1.0101 1.0278
134 1.0179 1.0114 1.0295
135 1.0166 1.0114 1.0282
136 1.0134 1.0087 1.0222
137 1.0131 1.0073 1.0205
138 1.0143 1.0072 1.0216
139 1.0146 1.0087 1.0234
140 1.0156 1.0072 1.0229
141 1.0169 1.0072 1.0242
142 1.0172 1.0087 1.0260
143 1.0159 1.0087 1.0247
144 1.0152 1.0043 1.0196
145 1.0154 1.0058 1.0213
146 1.0167 1.0058 1.0226
147 1.0165 1.0043 1.0209
148 1.0129 1.0058 1.0188
149 1.0139 1.0043 1.0183
150 1.0127 1.0043 1.0171
151 1.0141 1.0058 1.0200
152 1.0150 1.0011 1.0161
153 1.0163 1.0011 1.0174
154 1.0164 1.0027 1.0191
155 1.0151 1.0027 1.0178
156 1.0125 1.0011 1.0136
157 1.0126 1.0027 1.0153
158 1.0137 1.0011 1.0148
159 1.0138 1.0027 1.0165
160 1.0122 1.0087 1.0210
161 1.0120 1.0073 1.0194
162 1.0109 1.0073 1.0183
163 1.0111 1.0087 1.0199
164 1.0104 1.0101 1.0206
165 1.0099 1.0114 1.0214
166 1.0095 1.0101 1.0197
167 1.0108 1.0114 1.0223
168 1.0119 1.0114 1.0234
169 1.0126 1.0101 1.0228
170 1.0115 1.0101 1.0217
171 1.0130 1.0114 1.0245
172 1.0091 1.0087 1.0179
173 1.0088 1.0073 1.0162
174 1.0101 1.0087 1.0189
175 1.0098 1.0073 1.0172
176 1.0092 1.0011 1.0103
177 1.0082 1.0011 1.0093
178 1.0093 1.0027 1.0120
179 1.0083 1.0027 1.0110
180 1.0094 1.0043 1.0137
181 1.0096 1.0058 1.0155
182 1.0084 1.0043 1.0127
183 1.0086 1.0058 1.0144
184 1.0114 1.0027 1.0141
185 1.0103 1.0027 1.0130
186 1.0114 1.0011 1.0125
187 1.0103 1.0011 1.0114
188 1.0117 1.0058 1.0176
189 1.0115 1.0043 1.0158
190 1.0106 1.0058 1.0165
191 1.0104 1.0043 1.0147
192 1.0125 1.0131 1.0258
193 1.0136 1.0131 1.0269
194 1.0130 1.0143 1.0275
195 1.0141 1.0143 1.0286
196 1.0120 1.0143 1.0265
197 1.0110 1.0143 1.0255
198 1.0104 1.0131 1.0236
199 1.0114 1.0131 1.0246
200 1.0147 1.0155 1.0304
201 1.0153 1.0166 1.0322
202 1.0142 1.0166 1.0310
203 1.0136 1.0155 1.0293
204 1.0132 1.0166 1.0300
205 1.0122 1.0166 1.0290
206 1.0115 1.0155 1.0272
207 1.0125 1.0155 1.0282
208 1.0146 1.0188 1.0337
209 1.0139 1.0177 1.0318
210 1.0129 1.0177 1.0308
211 1.0136 1.0188 1.0327
212 1.0160 1.0177 1.0340
213 1.0157 1.0188 1.0348
214 1.0168 1.0188 1.0359
215 1.0149 1.0177 1.0329
216 1.0163 1.0207 1.0373
217 1.0153 1.0207 1.0363
218 1.0144 1.0198 1.0345
219 1.0154 1.0198 1.0355
220 1.0184 1.0207 1.0395
221 1.0176 1.0198 1.0377
222 1.0173 1.0207 1.0384
223 1.0165 1.0198 1.0366
224 1.0158 1.0155 1.0315
225 1.0165 1.0166 1.0334
226 1.0177 1.0166 1.0346
227 1.0170 1.0155 1.0328
228 1.0177 1.0143 1.0323
229 1.0185 1.0131 1.0318
230 1.0190 1.0143 1.0336
231 1.0172 1.0131 1.0305
232 1.0159 1.0131 1.0292
233 1.0152 1.0143 1.0297
234 1.0165 1.0143 1.0310
235 1.0147 1.0131 1.0280
236 1.0196 1.0155 1.0354
237 1.0203 1.0166 1.0372
238 1.0183 1.0155 1.0341
239 1.0190 1.0166 1.0359
240 1.0221 1.0207 1.0433
241 1.0234 1.0207 1.0446
242 1.0212 1.0197 1.0413
243 1.0225 1.0197 1.0426
244 1.0204 1.0188 1.0396
245 1.0197 1.0177 1.0377
246 1.0217 1.0188 1.0409
247 1.0210 1.0177 1.0391
248 1.0187 1.0198 1.0389
249 1.0199 1.0198 1.0401
250 1.0196 1.0207 1.0407
251 1.0208 1.0207 1.0419
252 1.0172 1.0177 1.0352
253 1.0179 1.0188 1.0370
254 1.0184 1.0177 1.0364
255 1.0191 1.0188 1.0383
256 1.0196 0.9460 0.9645
257 1.0203 0.9460 0.9652
258 1.0183 0.9487 0.9661
259 1.0190 0.9487 0.9667
260 1.0177 0.9487 0.9655
261 1.0172 0.9487 0.9650
262 1.0185 0.9460 0.9635
263 1.0190 0.9460 0.9640
264 1.0177 0.9514 0.9682
265 1.0165 0.9541 0.9698
266 1.0158 0.9541 0.9692
267 1.0170 0.9514 0.9676
268 1.0152 0.9541 0.9686
269 1.0147 0.9541 0.9681
270 1.0159 0.9514 0.9665
271 1.0165 0.9514 0.9671
272 1.0130 0.9593 0.9718
273 1.0141 0.9567 0.9702
274 1.0136 0.9567 0.9697
275 1.0125 0.9593 0.9713
276 1.0153 0.9567 0.9713
277 1.0136 0.9593 0.9723
278 1.0142 0.9593 0.9729
279 1.0147 0.9567 0.9708
280 1.0110 0.9643 0.9749
281 1.0104 0.9643 0.9743
282 1.0114 0.9618 0.9728
283 1.0120 0.9618 0.9733
284 1.0122 0.9643 0.9761
285 1.0132 0.9618 0.9745
286 1.0115 0.9643 0.9754
287 1.0125 0.9618 0.9738
288 1.0184 0.9514 0.9689
289 1.0172 0.9541 0.9705
290 1.0179 0.9541 0.9712
291 1.0191 0.9515 0.9697
292 1.0212 0.9488 0.9689
293 1.0234 0.9460 0.9681
294 1.0221 0.9488 0.9698
295 1.0225 0.9460 0.9673
296 1.0217 0.9460 0.9665
297 1.0197 0.9487 0.9674
298 1.0204 0.9488 0.9682
299 1.0210 0.9460 0.9659
300 1.0208 0.9515 0.9713
301 1.0196 0.9541 0.9728
302 1.0199 0.9515 0.9704
303 1.0187 0.9541 0.9719
304 1.0144 0.9644 0.9783
305 1.0153 0.9644 0.9792
306 1.0154 0.9619 0.9767
307 1.0163 0.9619 0.9776
308 1.0165 0.9593 0.9751
309 1.0176 0.9568 0.9736
310 1.0173 0.9593 0.9759
311 1.0184 0.9568 0.9744
312 1.0139 0.9618 0.9752
313 1.0146 0.9618 0.9758
314 1.0129 0.9643 0.9767
315 1.0136 0.9644 0.9775
316 1.0160 0.9567 0.9720
317 1.0149 0.9593 0.9736
318 1.0168 0.9567 0.9728
319 1.0157 0.9593 0.9744
320 1.0076 0.9832 0.9907
321 1.0069 0.9832 0.9900
322 1.0081 0.9811 0.9890
323 1.0074 0.9811 0.9884
324 1.0089 0.9811 0.9898
325 1.0098 0.9811 0.9907
326 1.0093 0.9832 0.9923
327 1.0084 0.9832 0.9915
328 1.0079 0.9789 0.9866
329 1.0086 0.9767 0.9851
330 1.0094 0.9767 0.9859
331 1.0087 0.9789 0.9874
332 1.0102 0.9767 0.9867
333 1.0110 0.9767 0.9874
334 1.0104 0.9789 0.9891
335 1.0095 0.9789 0.9882
336 1.0116 0.9722 0.9835
337 1.0108 0.9745 0.9850
338 1.0117 0.9745 0.9859
339 1.0125 0.9722 0.9844
340 1.0093 0.9745 0.9836
341 1.0108 0.9722 0.9827
342 1.0100 0.9722 0.9819
343 1.0100 0.9745 0.9842
344 1.0133 0.9674 0.9803
345 1.0141 0.9674 0.9810
346 1.0133 0.9699 0.9828
347 1.0124 0.9698 0.9818
348 1.0117 0.9674 0.9787
349 1.0108 0.9698 0.9803
350 1.0125 0.9674 0.9795
351 1.0116 0.9698 0.9810
352 1.0073 0.9789 0.9860
353 1.0079 0.9767 0.9844
354 1.0073 0.9767 0.9838
355 1.0066 0.9789 0.9854
356 1.0055 0.9811 0.9865
357 1.0044 0.9832 0.9875
358 1.0050 0.9811 0.9860
359 1.0050 0.9832 0.9881
360 1.0055 0.9832 0.9886
361 1.0067 0.9811 0.9877
362 1.0060 0.9811 0.9870
363 1.0062 0.9832 0.9893
364 1.0055 0.9789 0.9843
365 1.0062 0.9767 0.9828
366 1.0060 0.9789 0.9848
367 1.0067 0.9767 0.9832
368 1.0098 0.9674 0.9769
369 1.0093 0.9674 0.9764
370 1.0089 0.9698 0.9784
371 1.0084 0.9698 0.9779
372 1.0081 0.9721 0.9800
373 1.0074 0.9744 0.9816
374 1.0076 0.9721 0.9795
375 1.0069 0.9744 0.9811
376 1.0102 0.9698 0.9797
377 1.0095 0.9698 0.9790
378 1.0110 0.9674 0.9780
379 1.0104 0.9674 0.9775
380 1.0086 0.9745 0.9829
381 1.0094 0.9721 0.9812
382 1.0079 0.9745 0.9822
383 1.0087 0.9721 0.9806
384 1.0049 0.9858 0.9906
385 1.0056 0.9858 0.9913
386 1.0045 0.9878 0.9922
387 1.0052 0.9878 0.9929
388 1.0040 0.9878 0.9918
389 1.0034 0.9878 0.9912
390 1.0038 0.9858 0.9895
391 1.0044 0.9858 0.9901
392 1.0048 0.9898 0.9946
393 1.0046 0.9917 0.9963
394 1.0039 0.9917 0.9956
395 1.0042 0.9898 0.9940
396 1.0033 0.9917 0.9950
397 1.0028 0.9917 0.9945
398 1.0031 0.9898 0.9929
399 1.0036 0.9898 0.9934
400 1.0029 0.9954 0.9983
401 1.0031 0.9936 0.9967
402 1.0026 0.9936 0.9962
403 1.0024 0.9954 0.9978
404 1.0043 0.9936 0.9979
405 1.0035 0.9954 0.9989
406 1.0041 0.9954 0.9995
407 1.0037 0.9936 0.9973
408 1.0027 0.9989 1.0016
409 1.0022 0.9989 1.0011
410 1.0023 0.9972 0.9995
411 1.0028 0.9972 1.0000
412 1.0040 0.9989 1.0029
413 1.0040 0.9972 1.0012
414 1.0033 0.9989 1.0022
415 1.0034 0.9972 1.0006
416 1.0055 0.9898 0.9952
417 1.0052 0.9917 0.9969
418 1.0060 0.9917 0.9977
419 1.0063 0.9898 0.9960
420 1.0074 0.9878 0.9951
421 1.0087 0.9858 0.9944
422 1.0083 0.9878 0.9960
423 1.0078 0.9858 0.9935
424 1.0070 0.9858 0.9927
425 1.0059 0.9878 0.9936
426 1.0066 0.9878 0.9943
427 1.0063 0.9858 0.9920
428 1.0079 0.9898 0.9976
429 1.0077 0.9917 0.9993
430 1.0071 0.9898 0.9968
431 1.0068 0.9917 0.9984
432 1.0062 0.9989 1.0051
433 1.0071 0.9989 1.0060
434 1.0063 0.9972 1.0035
435 1.0071 0.9972 1.0043
436 1.0064 0.9954 1.0018
437 1.0066 0.9936 1.0002
438 1.0072 0.9954 1.0026
439 1.0074 0.9936 1.0010
440 1.0047 0.9972 1.0019
441 1.0055 0.9972 1.0027
442 1.0047 0.9989 1.0036
443 1.0054 0.9989 1.0043
444 1.0050 0.9936 0.9986
445 1.0048 0.9954 1.0002
446 1.0058 0.9936 0.9994
447 1.0056 0.9954 1.0010
448 1.0070 1.0115 1.0186
449 1.0063 1.0115 1.0179
450 1.0066 1.0101 1.0168
451 1.0059 1.0101 1.0161
452 1.0074 1.0101 1.0176
453 1.0083 1.0101 1.0185
454 1.0087 1.0114 1.0202
455 1.0078 1.0115 1.0194
456 1.0055 1.0087 1.0142
457 1.0052 1.0073 1.0125
458 1.0060 1.0073 1.0133
459 1.0063 1.0087 1.0151
460 1.0068 1.0073 1.0141
461 1.0077 1.0073 1.0151
462 1.0079 1.0087 1.0167
463 1.0071 1.0087 1.0159
464 1.0064 1.0043 1.0107
465 1.0066 1.0058 1.0124
466 1.0074 1.0058 1.0132
467 1.0072 1.0043 1.0115
468 1.0050 1.0058 1.0108
469 1.0056 1.0043 1.0099
470 1.0048 1.0043 1.0091
471 1.0058 1.0058 1.0116
472 1.0062 1.0011 1.0073
473 1.0071 1.0011 1.0082
474 1.0071 1.0027 1.0098
475 1.0063 1.0027 1.0090
476 1.0047 1.0011 1.0058
477 1.0047 1.0027 1.0074
478 1.0054 1.0011 1.0065
479 1.0055 1.0027 1.0082
480 1.0048 1.0087 1.0135
481 1.0046 1.0073 1.0119
482 1.0039 1.0073 1.0112
483 1.0042 1.0087 1.0129
484 1.0040 1.0101 1.0141
485 1.0038 1.0115 1.0153
486 1.0034 1.0101 1.0135
487 1.0044 1.0115 1.0160
488 1.0049 1.0115 1.0165
489 1.0052 1.0101 1.0154
490 1.0045 1.0101 1.0146
491 1.0056 1.0115 1.0172
492 1.0031 1.0087 1.0118
493 1.0028 1.0073 1.0101
494 1.0036 1.0087 1.0123
495 1.0033 1.0073 1.0106
496 1.0027 1.0011 1.0038
497 1.0022 1.0011 1.0033
498 1.0028 1.0027 1.0055
499 1.0023 1.0027 1.0050
500 1.0029 1.0043 1.0072
501 1.0031 1.0058 1.0089
502 1.0024 1.0043 1.0067
503 1.0026 1.0058 1.0084
504 1.0040 1.0027 1.0067
505 1.0034 1.0027 1.0061
506 1.0040 1.0011 1.0051
507 1.0033 1.0011 1.0044
508 1.0043 1.0058 1.0101
509 1.0041 1.0043 1.0084
510 1.0037 1.0058 1.0095
511 1.0035 1.0043 1.0078
512 1.0055 1.0131 1.0187
513 1.0062 1.0131 1.0194
514 1.0060 1.0143 1.0204
515 1.0067 1.0143 1.0211
516 1.0055 1.0143 1.0199
517 1.0050 1.0143 1.0194
518 1.0044 1.0131 1.0176
519 1.0050 1.0131 1.0182
520 1.0073 1.0155 1.0229
521 1.0079 1.0167 1.0247
522 1.0073 1.0167 1.0241
523 1.0066 1.0155 1.0222
524 1.0067 1.0167 1.0235
525 1.0062 1.0167 1.0230
526 1.0055 1.0155 1.0211
527 1.0060 1.0155 1.0216
528 1.0081 1.0188 1.0271
529 1.0074 1.0178 1.0253
530 1.0069 1.0178 1.0248
531 1.0076 1.0188 1.0265
532 1.0086 1.0177 1.0265
533 1.0087 1.0188 1.0277
534 1.0094 1.0188 1.0284
535 1.0079 1.0177 1.0257
536 1.0098 1.0207 1.0307
537 1.0093 1.0207 1.0302
538 1.0084 1.0198 1.0284
539 1.0089 1.0198 1.0289
540 1.0110 1.0207 1.0319
541 1.0102 1.0198 1.0302
542 1.0104 1.0207 1.0313
543 1.0095 1.0198 1.0295
544 1.0079 1.0155 1.0235
545 1.0086 1.0167 1.0254
546 1.0094 1.0167 1.0263
547 1.0087 1.0155 1.0243
548 1.0089 1.0143 1.0233
549 1.0093 1.0131 1.0225
550 1.0098 1.0143 1.0242
551 1.0084 1.0131 1.0216
552 1.0076 1.0131 1.0208
553 1.0074 1.0143 1.0218
554 1.0081 1.0143 1.0225
555 1.0069 1.0131 1.0201
556 1.0104 1.0155 1.0261
557 1.0110 1.0166 1.0278
558 1.0095 1.0155 1.0251
559 1.0102 1.0167 1.0271
560 1.0133 1.0207 1.0343
561 1.0141 1.0207 1.0351
562 1.0124 1.0198 1.0324
563 1.0133 1.0198 1.0334
564 1.0116 1.0188 1.0306
565 1.0108 1.0177 1.0287
566 1.0125 1.0188 1.0315
567 1.0117 1.0177 1.0296
568 1.0108 1.0198 1.0308
569 1.0116 1.0198 1.0316
570 1.0117 1.0207 1.0326
571 1.0125 1.0207 1.0335
572 1.0093 1.0177 1.0272
573 1.0100 1.0188 1.0290
574 1.0100 1.0177 1.0279
575 1.0108 1.0188 1.0298
576 1.0217 1.0268 1.0491
577 1.0210 1.0268 1.0484
578 1.0204 1.0263 1.0472
579 1.0197 1.0263 1.0465
580 1.0212 1.0263 1.0481
581 1.0221 1.0263 1.0490
582 1.0234 1.0268 1.0508
583 1.0225 1.0268 1.0499
584 1.0184 1.0257 1.0446
585 1.0172 1.0250 1.0426
586 1.0179 1.0250 1.0433
587 1.0191 1.0256 1.0452
588 1.0187 1.0250 1.0442
589 1.0196 1.0250 1.0451
590 1.0208 1.0256 1.0469
591 1.0199 1.0256 1.0460
592 1.0165 1.0235 1.0404
593 1.0176 1.0243 1.0423
594 1.0184 1.0243 1.0431
595 1.0173 1.0235 1.0412
596 1.0160 1.0243 1.0407
597 1.0157 1.0235 1.0396
598 1.0149 1.0235 1.0388
599 1.0168 1.0243 1.0415
600 1.0144 1.0219 1.0366
601 1.0153 1.0219 1.0375
602 1.0163 1.0227 1.0394
603 1.0154 1.0227 1.0384
604 1.0129 1.0219 1.0351
605 1.0139 1.0227 1.0369
606 1.0136 1.0219 1.0358
607 1.0146 1.0227 1.0376
608 1.0177 1.0257 1.0439
609 1.0165 1.0250 1.0419
610 1.0158 1.0250 1.0412
611 1.0170 1.0257 1.0431
612 1.0177 1.0263 1.0445
613 1.0185 1.0268 1.0458
614 1.0172 1.0263 1.0440
615 1.0190 1.0268 1.0463
616 1.0196 1.0268 1.0469
617 1.0190 1.0263 1.0458
618 1.0183 1.0263 1.0451
619 1.0203 1.0268 1.0476
620 1.0159 1.0257 1.0420
621 1.0147 1.0250 1.0401
622 1.0165 1.0257 1.0426
623 1.0152 1.0250 1.0406
624 1.0110 1.0219 1.0331
625 1.0104 1.0219 1.0325
626 1.0120 1.0227 1.0350
627 1.0114 1.0227 1.0344
628 1.0130 1.0235 1.0368
629 1.0141 1.0243 1.0387
630 1.0125 1.0235 1.0363
631 1.0136 1.0243 1.0382
632 1.0132 1.0227 1.0362
633 1.0125 1.0227 1.0355
634 1.0122 1.0219 1.0344
635 1.0115 1.0219 1.0337
636 1.0153 1.0243 1.0400
637 1.0142 1.0235 1.0380
638 1.0147 1.0243 1.0394
639 1.0136 1.0235 1.0374
640 1.0165 0.9459 0.9615
641 1.0167 0.9459 0.9617
642 1.0152 0.9487 0.9631
643 1.0154 0.9487 0.9633
644 1.0151 0.9487 0.9630
645 1.0150 0.9487 0.9629
646 1.0163 0.9459 0.9613
647 1.0164 0.9459 0.9614
648 1.0141 0.9514 0.9648
649 1.0129 0.9541 0.9664
650 1.0127 0.9541 0.9662
651 1.0139 0.9514 0.9646
652 1.0126 0.9541 0.9661
653 1.0125 0.9541 0.9660
654 1.0137 0.9514 0.9644
655 1.0138 0.9514 0.9645
656 1.0103 0.9593 0.9692
657 1.0114 0.9567 0.9676
658 1.0114 0.9567 0.9676
659 1.0103 0.9593 0.9692
660 1.0117 0.9567 0.9679
661 1.0104 0.9593 0.9693
662 1.0106 0.9593 0.9695
663 1.0115 0.9567 0.9677
664 1.0083 0.9643 0.9723
665 1.0082 0.9643 0.9722
666 1.0092 0.9618 0.9706
667 1.0093 0.9618 0.9707
668 1.0086 0.9643 0.9726
669 1.0096 0.9618 0.9710
670 1.0084 0.9643 0.9724
671 1.0094 0.9618 0.9708
672 1.0143 0.9514 0.9650
673 1.0131 0.9541 0.9666
674 1.0134 0.9541 0.9669
675 1.0146 0.9514 0.9653
676 1.0162 0.9487 0.9641
677 1.0179 0.9459 0.9628
678 1.0166 0.9487 0.9644
679 1.0175 0.9459 0.9625
680 1.0172 0.9459 0.9622
681 1.0156 0.9487 0.9635
682 1.0159 0.9487 0.9638
683 1.0169 0.9459 0.9619
684 1.0154 0.9514 0.9661
685 1.0141 0.9541 0.9676
686 1.0149 0.9514 0.9656
687 1.0137 0.9541 0.9672
688 1.0095 0.9643 0.9735
689 1.0099 0.9643 0.9738
690 1.0104 0.9618 0.9718
691 1.0108 0.9618 0.9722
692 1.0115 0.9593 0.9703
693 1.0126 0.9567 0.9688
694 1.0119 0.9593 0.9707
695 1.0130 0.9567 0.9691
696 1.0098 0.9618 0.9712
697 1.0101 0.9618 0.9715
698 1.0088 0.9643 0.9728
699 1.0091 0.9643 0.9731
700 1.0120 0.9567 0.9682
701 1.0109 0.9593 0.9698
702 1.0122 0.9567 0.9684
703 1.0111 0.9593 0.9699
704 1.0031 0.9832 0.9862
705 1.0028 0.9832 0.9860
706 1.0036 0.9811 0.9846
707 1.0033 0.9811 0.9843
708 1.0040 0.9811 0.9850
709 1.0044 0.9811 0.9854
710 1.0038 0.9832 0.9869
711 1.0034 0.9832 0.9865
712 1.0039 0.9789 0.9827
713 1.0046 0.9767 0.9812
714 1.0048 0.9767 0.9814
715 1.0042 0.9789 0.9830
716 1.0052 0.9767 0.9818
717 1.0056 0.9767 0.9822
718 1.0049 0.9789 0.9837
719 1.0045 0.9789 0.9833
720 1.0066 0.9721 0.9785
721 1.0059 0.9744 0.9801
722 1.0063 0.9744 0.9805
723 1.0070 0.9721 0.9789
724 1.0052 0.9744 0.9795
725 1.0063 0.9721 0.9782
726 1.0060 0.9721 0.9779
727 1.0055 0.9744 0.9798
728 1.0083 0.9674 0.9754
729 1.0087 0.9674 0.9758
730 1.0078 0.9698 0.9774
731 1.0074 0.9698 0.9770
732 1.0077 0.9674 0.9748
733 1.0068 0.9698 0.9764
734 1.0079 0.9674 0.9750
735 1.0071 0.9698 0.9767
736 1.0037 0.9789 0.9825
737 1.0043 0.9767 0.9809
738 1.0041 0.9767 0.9807
739 1.0035 0.9789 0.9823
740 1.0028 0.9811 0.9838
741 1.0022 0.9832 0.9854
742 1.0027 0.9811 0.9837
743 1.0023 0.9832 0.9855
744 1.0024 0.9832 0.9856
745 1.0031 0.9811 0.9841
746 1.0029 0.9811 0.9839
747 1.0026 0.9832 0.9858
748 1.0033 0.9789 0.9821
749 1.0040 0.9767 0.9806
750 1.0034 0.9789 0.9822
751 1.0040 0.9767 0.9806
752 1.0071 0.9674 0.9743
753 1.0071 0.9674 0.9743
754 1.0063 0.9698 0.9759
755 1.0062 0.9698 0.9758
756 1.0055 0.9721 0.9774
757 1.0047 0.9744 0.9790
758 1.0054 0.9721 0.9773
759 1.0047 0.9744 0.9790
760 1.0066 0.9698 0.9762
761 1.0064 0.9698 0.9760
762 1.0074 0.9674 0.9746
763 1.0072 0.9674 0.9744
764 1.0050 0.9744 0.9793
765 1.0058 0.9721 0.9777
766 1.0048 0.9744 0.9791
767 1.0056 0.9721 0.9775
768 1.0018 0.9858 0.9876
769 1.0020 0.9858 0.9878
770 1.0014 0.9878 0.9892
771 1.0016 0.9878 0.9894
772 1.0013 0.9878 0.9891
773 1.0012 0.9878 0.9890
774 1.0016 0.9858 0.9874
775 1.0017 0.9858 0.9875
776 1.0013 0.9898 0.9911
777 1.0010 0.9917 0.9927
778 1.0008 0.9917 0.9925
779 1.0011 0.9898 0.9909
780 1.0007 0.9917 0.9924
781 1.0006 0.9917 0.9923
782 1.0009 0.9898 0.9907
783 1.0010 0.9898 0.9908
784 1.0003 0.9954 0.9957
785 1.0004 0.9936 0.9940
786 1.0004 0.9936 0.9940
787 1.0002 0.9954 0.9956
788 1.0007 0.9936 0.9943
789 1.0004 0.9954 0.9958
790 1.0006 0.9954 0.9960
791 1.0006 0.9936 0.9942
792 1.0001 0.9989 0.9990
793 1.0000 0.9989 0.9989
794 1.0001 0.9972 0.9973
795 1.0001 0.9972 0.9973
796 1.0004 0.9989 0.9993
797 1.0004 0.9972 0.9976
798 1.0002 0.9989 0.9991
799 1.0003 0.9972 0.9975
800 1.0015 0.9898 0.9913
801 1.0012 0.9917 0.9929
802 1.0015 0.9917 0.9932
803 1.0018 0.9898 0.9916
804 1.0025 0.9878 0.9903
805 1.0032 0.9858 0.9890
806 1.0029 0.9878 0.9907
807 1.0029 0.9858 0.9887
808 1.0025 0.9858 0.9883
809 1.0018 0.9878 0.9896
810 1.0021 0.9878 0.9899
811 1.0022 0.9858 0.9880
812 1.0025 0.9898 0.9923
813 1.0022 0.9917 0.9939
814 1.0021 0.9898 0.9919
815 1.0018 0.9917 0.9935
816 1.0012 0.9989 1.0001
817 1.0016 0.9989 1.0005
818 1.0013 0.9972 0.9985
819 1.0017 0.9972 0.9989
820 1.0014 0.9954 0.9968
821 1.0016 0.9936 0.9952
822 1.0018 0.9954 0.9972
823 1.0020 0.9936 0.9956
824 1.0007 0.9972 0.9979
825 1.0010 0.9972 0.9982
826 1.0006 0.9989 0.9995
827 1.0009 0.9989 0.9998
828 1.0010 0.9936 0.9946
829 1.0008 0.9954 0.9962
830 1.0013 0.9936 0.9949
831 1.0011 0.9954 0.9965
832 1.0025 1.0115 1.0140
833 1.0022 1.0115 1.0137
834 1.0021 1.0101 1.0122
835 1.0018 1.0101 1.0119
836 1.0025 1.0101 1.0126
837 1.0029 1.0101 1.0130
838 1.0032 1.0115 1.0147
839 1.0029 1.0115 1.0144
840 1.0015 1.0087 1.0102
841 1.0012 1.0073 1.0085
842 1.0015 1.0073 1.0088
843 1.0018 1.0087 1.0105
844 1.0018 1.0073 1.0091
845 1.0022 1.0073 1.0095
846 1.0025 1.0087 1.0112
847 1.0021 1.0087 1.0108
848 1.0014 1.0043 1.0057
849 1.0016 1.0058 1.0074
850 1.0020 1.0058 1.0078
851 1.0018 1.0043 1.0061
852 1.0010 1.0058 1.0068
853 1.0011 1.0043 1.0054
854 1.0008 1.0043 1.0051
855 1.0013 1.0058 1.0071
856 1.0012 1.0011 1.0023
857 1.0016 1.0011 1.0027
858 1.0017 1.0027 1.0044
859 1.0013 1.0027 1.0040
860 1.0006 1.0011 1.0017
861 1.0007 1.0027 1.0034
862 1.0009 1.0011 1.0020
863 1.0010 1.0027 1.0037
864 1.0013 1.0087 1.0100
865 1.0010 1.0073 1.0083
866 1.0008 1.0073 1.0081
867 1.0011 1.0087 1.0098
868 1.0013 1.0101 1.0114
869 1.0016 1.0115 1.0131
870 1.0012 1.0101 1.0113
871 1.0017 1.0115 1.0132
872 1.0018 1.0115 1.0133
873 1.0016 1.0101 1.0117
874 1.0014 1.0101 1.0115
875 1.0020 1.0115 1.0135
876 1.0009 1.0087 1.0096
877 1.0006 1.0073 1.0079
878 1.0010 1.0087 1.0097
879 1.0007 1.0073 1.0080
880 1.0001 1.0011 1.0012
881 1.0000 1.0011 1.0011
882 1.0001 1.0027 1.0028
883 1.0001 1.0027 1.0028
884 1.0003 1.0043 1.0046
885 1.0004 1.0058 1.0062
886 1.0002 1.0043 1.0045
887 1.0004 1.0058 1.0062
888 1.0004 1.0027 1.0031
889 1.0003 1.0027 1.0030
890 1.0004 1.0011 1.0015
891 1.0002 1.0011 1.0013
892 1.0007 1.0058 1.0065
893 1.0006 1.0043 1.0049
894 1.0006 1.0058 1.0064
895 1.0004 1.0043 1.0047
896 1.0024 1.0131 1.0155
897 1.0026 1.0131 1.0157
898 1.0029 1.0143 1.0172
899 1.0031 1.0143 1.0174
900 1.0028 1.0143 1.0171
901 1.0027 1.0143 1.0170
902 1.0022 1.0131 1.0153
903 1.0023 1.0131 1.0154
904 1.0037 1.0155 1.0193
905 1.0043 1.0167 1.0211
906 1.0041 1.0167 1.0209
907 1.0035 1.0155 1.0191
908 1.0040 1.0167 1.0208
909 1.0040 1.0167 1.0208
910 1.0033 1.0155 1.0189
911 1.0034 1.0155 1.0190
912 1.0055 1.0188 1.0244
913 1.0047 1.0178 1.0226
914 1.0047 1.0178 1.0226
915 1.0054 1.0188 1.0243
916 1.0050 1.0178 1.0229
917 1.0056 1.0188 1.0245
918 1.0058 1.0188 1.0247
919 1.0048 1.0178 1.0227
920 1.0071 1.0208 1.0280
921 1.0071 1.0208 1.0280
922 1.0062 1.0198 1.0261
923 1.0063 1.0198 1.0262
924 1.0074 1.0208 1.0284
925 1.0066 1.0198 1.0265
926 1.0072 1.0208 1.0281
927 1.0064 1.0198 1.0263
928 1.0039 1.0155 1.0195
929 1.0046 1.0167 1.0214
930 1.0048 1.0167 1.0216
931 1.0042 1.0155 1.0198
932 1.0040 1.0143 1.0184
933 1.0038 1.0131 1.0169
934 1.0044 1.0143 1.0188
935 1.0034 1.0131 1.0165
936 1.0031 1.0131 1.0162
937 1.0033 1.0143 1.0176
938 1.0036 1.0143 1.0180
939 1.0028 1.0131 1.0159
940 1.0049 1.0155 1.0205
941 1.0056 1.0167 1.0224
942 1.0045 1.0155 1.0201
943 1.0052 1.0167 1.0220
944 1.0083 1.0208 1.0293
945 1.0087 1.0208 1.0297
946 1.0074 1.0198 1.0273
947 1.0078 1.0198 1.0278
948 1.0066 1.0188 1.0255
949 1.0059 1.0178 1.0238
950 1.0070 1.0188 1.0259
951 1.0063 1.0178 1.0242
952 1.0068 1.0198 1.0267
953 1.0071 1.0198 1.0270
954 1.0077 1.0208 1.0287
955 1.0079 1.0208 1.0289
956 1.0052 1.0178 1.0231
957 1.0060 1.0188 1.0249
958 1.0055 1.0178 1.0234
959 1.0063 1.0188 1.0252
960 1.0172 1.0268 1.0445
961 1.0169 1.0268 1.0442
962 1.0159 1.0263 1.0426
963 1.0156 1.0263 1.0423
964 1.0162 1.0263 1.0429
965 1.0166 1.0263 1.0433
966 1.0179 1.0268 1.0452
967 1.0175 1.0268 1.0448
968 1.0143 1.0257 1.0404
969 1.0131 1.0250 1.0384
970 1.0134 1.0250 1.0387
971 1.0146 1.0257 1.0407
972 1.0137 1.0250 1.0390
973 1.0141 1.0250 1.0395
974 1.0154 1.0257 1.0415
975 1.0149 1.0257 1.0410
976 1.0115 1.0235 1.0353
977 1.0126 1.0243 1.0372
978 1.0130 1.0243 1.0376
979 1.0119 1.0235 1.0357
980 1.0120 1.0243 1.0366
981 1.0111 1.0235 1.0349
982 1.0109 1.0235 1.0347
983 1.0122 1.0243 1.0368
984 1.0095 1.0219 1.0316
985 1.0099 1.0219 1.0320
986 1.0108 1.0227 1.0337
987 1.0104 1.0227 1.0333
988 1.0088 1.0219 1.0309
989 1.0098 1.0227 1.0327
990 1.0091 1.0219 1.0312
991 1.0101 1.0227 1.0330
992 1.0141 1.0257 1.0402
993 1.0129 1.0250 1.0382
994 1.0127 1.0250 1.0380
995 1.0139 1.0257 1.0400
996 1.0151 1.0263 1.0418
997 1.0163 1.0268 1.0435
998 1.0150 1.0263 1.0417
999 1.0164 1.0268 1.0436
1000 1.0165 1.0268 1.0437
1001 1.0154 1.0263 1.0421
1002 1.0152 1.0263 1.0419
1003 1.0167 1.0268 1.0439
1004 1.0137 1.0257 1.0398
1005 1.0125 1.0250 1.0378
1006 1.0138 1.0257 1.0399
1007 1.0126 1.0250 1.0379
1008 1.0083 1.0219 1.0304
1009 1.0082 1.0219 1.0303
1010 1.0093 1.0227 1.0322
1011 1.0092 1.0227 1.0321
1012 1.0103 1.0235 1.0340
1013 1.0114 1.0243 1.0360
1014 1.0103 1.0235 1.0340
1015 1.0114 1.0243 1.0360
1016 1.0096 1.0227 1.0325
1017 1.0094 1.0227 1.0323
1018 1.0086 1.0219 1.0307
1019 1.0084 1.0219 1.0305
1020 1.0117 1.0243 1.0363
1021 1.0106 1.0235 1.0343
1022 1.0115 1.0243 1.0361
1023 1.0104 1.0235 1.0341
1024 1.0172 0.9459 0.9622
1025 1.0169 0.9459 0.9619
1026 1.0159 0.9487 0.9638
1027 1.0156 0.9487 0.9635
1028 1.0162 0.9487 0.9641
1029 1.0166 0.9487 0.9644
1030 1.0179 0.9459 0.9628
1031 1.0175 0.9459 0.9625
1032 1.0143 0.9514 0.9650
1033 1.0131 0.9541 0.9666
1034 1.0134 0.9541 0.9669
1035 1.0146 0.9514 0.9653
1036 1.0137 0.9541 0.9672
1037 1.0141 0.9541 0.9676
1038 1.0154 0.9514 0.9661
1039 1.0149 0.9514 0.9656
1040 1.0115 0.9593 0.9703
1041 1.0126 0.9567 0.9688
1042 1.0130 0.9567 0.9691
1043 1.0119 0.9593 0.9707
1044 1.0120 0.9567 0.9682
1045 1.0111 0.9593 0.9699
1046 1.0109 0.9593 0.9698
1047 1.0122 0.9567 0.9684
1048 1.0095 0.9643 0.9735
1049 1.0099 0.9643 0.9738
1050 1.0108 0.9618 0.9722
1051 1.0104 0.9618 0.9718
1052 1.0088 0.9643 0.9728
1053 1.0098 0.9618 0.9712
1054 1.0091 0.9643 0.9731
1055 1.0101 0.9618 0.9715
1056 1.0141 0.9514 0.9648
1057 1.0129 0.9541 0.9664
1058 1.0127 0.9541 0.9662
1059 1.0139 0.9514 0.9646
1060 1.0151 0.9487 0.9630
1061 1.0163 0.9459 0.9613
1062 1.0150 0.9487 0.9629
1063 1.0164 0.9459 0.9614
1064 1.0165 0.9459 0.9615
1065 1.0154 0.9487 0.9633
1066 1.0152 0.9487 0.9631
1067 1.0167 0.9459 0.9617
1068 1.0137 0.9514 0.9644
1069 1.0125 0.9541 0.9660
1070 1.0138 0.9514 0.9645
1071 1.0126 0.9541 0.9661
1072 1.0083 0.9643 0.9723
1073 1.0082 0.9643 0.9722
1074 1.0093 0.9618 0.9707
1075 1.0092 0.9618 0.9706
1076 1.0103 0.9593 0.9692
1077 1.0114 0.9567 0.9676
1078 1.0103 0.9593 0.9692
1079 1.0114 0.9567 0.9676
1080 1.0096 0.9618 0.9710
1081 1.0094 0.9618 0.9708
1082 1.0086 0.9643 0.9726
1083 1.0084 0.9643 0.9724
1084 1.0117 0.9567 0.9679
1085 1.0106 0.9593 0.9695
1086 1.0115 0.9567 0.9677
1087 1.0104 0.9593 0.9693
1088 1.0024 0.9832 0.9856
1089 1.0026 0.9832 0.9858
1090 1.0029 0.9811 0.9839
1091 1.0031 0.9811 0.9841
1092 1.0028 0.9811 0.9838
1093 1.0027 0.9811 0.9837
1094 1.0022 0.9832 0.9854
1095 1.0023 0.9832 0.9855
1096 1.0037 0.9789 0.9825
1097 1.0043 0.9767 0.9809
1098 1.0041 0.9767 0.9807
1099 1.0035 0.9789 0.9823
1100 1.0040 0.9767 0.9806
1101 1.0040 0.9767 0.9806
1102 1.0033 0.9789 0.9821
1103 1.0034 0.9789 0.9822
1104 1.0055 0.9721 0.9774
1105 1.0047 0.9744 0.9790
1106 1.0047 0.9744 0.9790
1107 1.0054 0.9721 0.9773
1108 1.0050 0.9744 0.9793
1109 1.0056 0.9721 0.9775
1110 1.0058 0.9721 0.9777
1111 1.0048 0.9744 0.9791
1112 1.0071 0.9674 0.9743
1113 1.0071 0.9674 0.9743
1114 1.0062 0.9698 0.9758
1115 1.0063 0.9698 0.9759
1116 1.0074 0.9674 0.9746
1117 1.0066 0.9698 0.9762
1118 1.0072 0.9674 0.9744
1119 1.0064 0.9698 0.9760
1120 1.0039 0.9789 0.9827
1121 1.0046 0.9767 0.9812
1122 1.0048 0.9767 0.9814
1123 1.0042 0.9789 0.9830
1124 1.0040 0.9811 0.9850
1125 1.0038 0.9832 0.9869
1126 1.0044 0.9811 0.9854
1127 1.0034 0.9832 0.9865
1128 1.0031 0.9832 0.9862
1129 1.0033 0.9811 0.9843
1130 1.0036 0.9811 0.9846
1131 1.0028 0.9832 0.9860
1132 1.0049 0.9789 0.9837
1133 1.0056 0.9767 0.9822
1134 1.0045 0.9789 0.9833
1135 1.0052 0.9767 0.9818
1136 1.0083 0.9674 0.9754
1137 1.0087 0.9674 0.9758
1138 1.0074 0.9698 0.9770
1139 1.0078 0.9698 0.9774
1140 1.0066 0.9721 0.9785
1141 1.0059 0.9744 0.9801
1142 1.0070 0.9721 0.9789
1143 1.0063 0.9744 0.9805
1144 1.0068 0.9698 0.9764
1145 1.0071 0.9698 0.9767
1146 1.0077 0.9674 0.9748
1147 1.0079 0.9674 0.9750
1148 1.0052 0.9744 0.9795
1149 1.0060 0.9721 0.9779
1150 1.0055 0.9744 0.9798
1151 1.0063 0.9721 0.9782
1152 1.0025 0.9858 0.9883
1153 1.0022 0.9858 0.9880
1154 1.0021 0.9878 0.9899
1155 1.0018 0.9878 0.9896
1156 1.0025 0.9878 0.9903
1157 1.0029 0.9878 0.9907
1158 1.0032 0.9858 0.9890
1159 1.0029 0.9858 0.9887
1160 1.0015 0.9898 0.9913
1161 1.0012 0.9917 0.9929
1162 1.0015 0.9917 0.9932
1163 1.0018 0.9898 0.9916
1164 1.0018 0.9917 0.9935
1165 1.0022 0.9917 0.9939
1166 1.0025 0.9898 0.9923
1167 1.0021 0.9898 0.9919
1168 1.0014 0.9954 0.9968
1169 1.0016 0.9936 0.9952
1170 1.0020 0.9936 0.9956
1171 1.0018 0.9954 0.9972
1172 1.0010 0.9936 0.9946
1173 1.0011 0.9954 0.9965
1174 1.0008 0.9954 0.9962
1175 1.0013 0.9936 0.9949
1176 1.0012 0.9989 1.0001
1177 1.0016 0.9989 1.0005
1178 1.0017 0.9972 0.9989
1179 1.0013 0.9972 0.9985
1180 1.0006 0.9989 0.9995
1181 1.0007 0.9972 0.9979
1182 1.0009 0.9989 0.9998
1183 1.0010 0.9972 0.9982
1184 1.0013 0.9898 0.9911
1185 1.0010 0.9917 0.9927
1186 1.0008 0.9917 0.9925
1187 1.0011 0.9898 0.9909
1188 1.0013 0.9878 0.9891
1189 1.0016 0.9858 0.9874
1190 1.0012 0.9878 0.9890
1191 1.0017 0.9858 0.9875
1192 1.0018 0.9858 0.9876
1193 1.0016 0.9878 0.9894
1194 1.0014 0.9878 0.9892
1195 1.0020 0.9858 0.9878
1196 1.0009 0.9898 0.9907
1197 1.0006 0.9917 0.9923
1198 1.0010 0.9898 0.9908
1199 1.0007 0.9917 0.9924
1200 1.0001 0.9989 0.9990
1201 1.0000 0.9989 0.9989
1202 1.0001 0.9972 0.9973
1203 1.0001 0.9972 0.9973
1204 1.0003 0.9954 0.9957
1205 1.0004 0.9936 0.9940
1206 1.0002 0.9954 0.9956
1207 1.0004 0.9936 0.9940
1208 1.0004 0.9972 0.9976
1209 1.0003 0.9972 0.9975
1210 1.0004 0.9989 0.9993
1211 1.0002 0.9989 0.9991
1212 1.0007 0.9936 0.9943
1213 1.0006 0.9954 0.9960
1214 1.0006 0.9936 0.9942
1215 1.0004 0.9954 0.9958
1216 1.0018 1.0115 1.0133
1217 1.0020 1.0115 1.0135
1218 1.0014 1.0101 1.0115
1219 1.0016 1.0101 1.0117
1220 1.0013 1.0101 1.0114
1221 1.0012 1.0101 1.0113
1222 1.0016 1.0115 1.0131
1223 1.0017 1.0115 1.0132
1224 1.0013 1.0087 1.0100
1225 1.0010 1.0073 1.0083
1226 1.0008 1.0073 1.0081
1227 1.0011 1.0087 1.0098
1228 1.0007 1.0073 1.0080
1229 1.0006 1.0073 1.0079
1230 1.0009 1.0087 1.0096
1231 1.0010 1.0087 1.0097
1232 1.0003 1.0043 1.0046
1233 1.0004 1.0058 1.0062
1234 1.0004 1.0058 1.0062
1235 1.0002 1.0043 1.0045
1236 1.0007 1.0058 1.0065
1237 1.0004 1.0043 1.0047
1238 1.0006 1.0043 1.0049
1239 1.0006 1.0058 1.0064
1240 1.0001 1.0011 1.0012
1241 1.0000 1.0011 1.0011
1242 1.0001 1.0027 1.0028
1243 1.0001 1.0027 1.0028
1244 1.0004 1.0011 1.0015
1245 1.0004 1.0027 1.0031
1246 1.0002 1.0011 1.0013
1247 1.0003 1.0027 1.0030
1248 1.0015 1.0087 1.0102
1249 1.0012 1.0073 1.0085
1250 1.0015 1.0073 1.0088
1251 1.0018 1.0087 1.0105
1252 1.0025 1.0101 1.0126
1253 1.0032 1.0115 1.0147
1254 1.0029 1.0101 1.0130
1255 1.0029 1.0115 1.0144
1256 1.0025 1.0115 1.0140
1257 1.0018 1.0101 1.0119
1258 1.0021 1.0101 1.0122
1259 1.0022 1.0115 1.0137
1260 1.0025 1.0087 1.0112
1261 1.0022 1.0073 1.0095
1262 1.0021 1.0087 1.0108
1263 1.0018 1.0073 1.0091
1264 1.0012 1.0011 1.0023
1265 1.0016 1.0011 1.0027
1266 1.0013 1.0027 1.0040
1267 1.0017 1.0027 1.0044
1268 1.0014 1.0043 1.0057
1269 1.0016 1.0058 1.0074
1270 1.0018 1.0043 1.0061
1271 1.0020 1.0058 1.0078
1272 1.0007 1.0027 1.0034
1273 1.0010 1.0027 1.0037
1274 1.0006 1.0011 1.0017
1275 1.0009 1.0011 1.0020
1276 1.0010 1.0058 1.0068
1277 1.0008 1.0043 1.0051
1278 1.0013 1.0058 1.0071
1279 1.0011 1.0043 1.0054
1280 1.0031 1.0131 1.0162
1281 1.0028 1.0131 1.0159
1282 1.0036 1.0143 1.0180
1283 1.0033 1.0143 1.0176
1284 1.0040 1.0143 1.0184
1285 1.0044 1.0143 1.0188
1286 1.0038 1.0131 1.0169
1287 1.0034 1.0131 1.0165
1288 1.0039 1.0155 1.0195
1289 1.0046 1.0167 1.0214
1290 1.0048 1.0167 1.0216
1291 1.0042 1.0155 1.0198
1292 1.0052 1.0167 1.0220
1293 1.0056 1.0167 1.0224
1294 1.0049 1.0155 1.0205
1295 1.0045 1.0155 1.0201
1296 1.0066 1.0188 1.0255
1297 1.0059 1.0178 1.0238
1298 1.0063 1.0178 1.0242
1299 1.0070 1.0188 1.0259
1300 1.0052 1.0178 1.0231
1301 1.0063 1.0188 1.0252
1302 1.0060 1.0188 1.0249
1303 1.0055 1.0178 1.0234
1304 1.0083 1.0208 1.0293
1305 1.0087 1.0208 1.0297
1306 1.0078 1.0198 1.0278
1307 1.0074 1.0198 1.0273
1308 1.0077 1.0208 1.0287
1309 1.0068 1.0198 1.0267
1310 1.0079 1.0208 1.0289
1311 1.0071 1.0198 1.0270
1312 1.0037 1.0155 1.0193
1313 1.0043 1.0167 1.0211
1314 1.0041 1.0167 1.0209
1315 1.0035 1.0155 1.0191
1316 1.0028 1.0143 1.0171
1317 1.0022 1.0131 1.0153
1318 1.0027 1.0143 1.0170
1319 1.0023 1.0131 1.0154
1320 1.0024 1.0131 1.0155
1321 1.0031 1.0143 1.0174
1322 1.0029 1.0143 1.0172
1323 1.0026 1.0131 1.0157
1324 1.0033 1.0155 1.0189
1325 1.0040 1.0167 1.0208
1326 1.0034 1.0155 1.0190
1327 1.0040 1.0167 1.0208
1328 1.0071 1.0208 1.0280
1329 1.0071 1.0208 1.0280
1330 1.0063 1.0198 1.0262
1331 1.0062 1.0198 1.0261
1332 1.0055 1.0188 1.0244
1333 1.0047 1.0178 1.0226
1334 1.0054 1.0188 1.0243
1335 1.0047 1.0178 1.0226
1336 1.0066 1.0198 1.0265
1337 1.0064 1.0198 1.0263
1338 1.0074 1.0208 1.0284
1339 1.0072 1.0208 1.0281
1340 1.0050 1.0178 1.0229
1341 1.0058 1.0188 1.0247
1342 1.0048 1.0178 1.0227
1343 1.0056 1.0188 1.0245
1344 1.0165 1.0268 1.0437
1345 1.0167 1.0268 1.0439
1346 1.0152 1.0263 1.0419
1347 1.0154 1.0263 1.0421
1348 1.0151 1.0263 1.0418
1349 1.0150 1.0263 1.0417
1350 1.0163 1.0268 1.0435
1351 1.0164 1.0268 1.0436
1352 1.0141 1.0257 1.0402
1353 1.0129 1.0250 1.0382
1354 1.0127 1.0250 1.0380
1355 1.0139 1.0257 1.0400
1356 1.0126 1.0250 1.0379
1357 1.0125 1.0250 1.0378
1358 1.0137 1.0257 1.0398
1359 1.0138 1.0257 1.0399
1360 1.0103 1.0235 1.0340
1361 1.0114 1.0243 1.0360
1362 1.0114 1.0243 1.0360
1363 1.0103 1.0235 1.0340
1364 1.0117 1.0243 1.0363
1365 1.0104 1.0235 1.0341
1366 1.0106 1.0235 1.0343
1367 1.0115 1.0243 1.0361
1368 1.0083 1.0219 1.0304
1369 1.0082 1.0219 1.0303
1370 1.0092 1.0227 1.0321
1371 1.0093 1.0227 1.0322
1372 1.0086 1.0219 1.0307
1373 1.0096 1.0227 1.0325
1374 1.0084 1.0219 1.0305
1375 1.0094 1.0227 1.0323
1376 1.0143 1.0257 1.0404
1377 1.0131 1.0250 1.0384
1378 1.0134 1.0250 1.0387
1379 1.0146 1.0257 1.0407
1380 1.0162 1.0263 1.0429
1381 1.0179 1.0268 1.0452
1382 1.0166 1.0263 1.0433
1383 1.0175 1.0268 1.0448
1384 1.0172 1.0268 1.0445
1385 1.0156 1.0263 1.0423
1386 1.0159 1.0263 1.0426
1387 1.0169 1.0268 1.0442
1388 1.0154 1.0257 1.0415
1389 1.0141 1.0250 1.0395
1390 1.0149 1.0257 1.0410
1391 1.0137 1.0250 1.0390
1392 1.0095 1.0219 1.0316
1393 1.0099 1.0219 1.0320
1394 1.0104 1.0227 1.0333
1395 1.0108 1.0227 1.0337
1396 1.0115 1.0235 1.0353
1397 1.0126 1.0243 1.0372
1398 1.0119 1.0235 1.0357
1399 1.0130 1.0243 1.0376
1400 1.0098 1.0227 1.0327
1401 1.0101 1.0227 1.0330
1402 1.0088 1.0219 1.0309
1403 1.0091 1.0219 1.0312
1404 1.0120 1.0243 1.0366
1405 1.0109 1.0235 1.0347
1406 1.0122 1.0243 1.0368
1407 1.0111 1.0235 1.0349
1408 1.0217 0.9460 0.9665
1409 1.0210 0.9460 0.9659
1410 1.0204 0.9488 0.9682
1411 1.0197 0.9487 0.9674
1412 1.0212 0.9488 0.9689
1413 1.0221 0.9488 0.9698
1414 1.0234 0.9460 0.9681
1415 1.0225 0.9460 0.9673
1416 1.0184 0.9514 0.9689
1417 1.0172 0.9541 0.9705
1418 1.0179 0.9541 0.9712
1419 1.0191 0.9515 0.9697
1420 1.0187 0.9541 0.9719
1421 1.0196 0.9541 0.9728
1422 1.0208 0.9515 0.9713
1423 1.0199 0.9515 0.9704
1424 1.0165 0.9593 0.9751
1425 1.0176 0.9568 0.9736
1426 1.0184 0.9568 0.9744
1427 1.0173 0.9593 0.9759
1428 1.0160 0.9567 0.9720
1429 1.0157 0.9593 0.9744
1430 1.0149 0.9593 0.9736
1431 1.0168 0.9567 0.9728
1432 1.0144 0.9644 0.9783
1433 1.0153 0.9644 0.9792
1434 1.0163 0.9619 0.9776
1435 1.0154 0.9619 0.9767
1436 1.0129 0.9643 0.9767
1437 1.0139 0.9618 0.9752
1438 1.0136 0.9644 0.9775
1439 1.0146 0.9618 0.9758
1440 1.0177 0.9514 0.9682
1441 1.0165 0.9541 0.9698
1442 1.0158 0.9541 0.9692
1443 1.0170 0.9514 0.9676
1444 1.0177 0.9487 0.9655
1445 1.0185 0.9460 0.9635
1446 1.0172 0.9487 0.9650
1447 1.0190 0.9460 0.9640
1448 1.0196 0.9460 0.9645
1449 1.0190 0.9487 0.9667
1450 1.0183 0.9487 0.9661
1451 1.0203 0.9460 0.9652
1452 1.0159 0.9514 0.9665
1453 1.0147 0.9541 0.9681
1454 1.0165 0.9514 0.9671
1455 1.0152 0.9541 0.9686
1456 1.0110 0.9643 0.9749
1457 1.0104 0.9643 0.9743
1458 1.0120 0.9618 0.9733
1459 1.0114 0.9618 0.9728
1460 1.0130 0.9593 0.9718
1461 1.0141 0.9567 0.9702
1462 1.0125 0.9593 0.9713
1463 1.0136 0.9567 0.9697
1464 1.0132 0.9618 0.9745
1465 1.0125 0.9618 0.9738
1466 1.0122 0.9643 0.9761
1467 1.0115 0.9643 0.9754
1468 1.0153 0.9567 0.9713
1469 1.0142 0.9593 0.9729
1470 1.0147 0.9567 0.9708
1471 1.0136 0.9593 0.9723
1472 1.0055 0.9832 0.9886
1473 1.0062 0.9832 0.9893
1474 1.0060 0.9811 0.9870
1475 1.0067 0.9811 0.9877
1476 1.0055 0.9811 0.9865
1477 1.0050 0.9811 0.9860
1478 1.0044 0.9832 0.9875
1479 1.0050 0.9832 0.9881
1480 1.0073 0.9789 0.9860
1481 1.0079 0.9767 0.9844
1482 1.0073 0.9767 0.9838
1483 1.0066 0.9789 0.9854
1484 1.0067 0.9767 0.9832
1485 1.0062 0.9767 0.9828
1486 1.0055 0.9789 0.9843
1487 1.0060 0.9789 0.9848
1488 1.0081 0.9721 0.9800
1489 1.0074 0.9744 0.9816
1490 1.0069 0.9744 0.9811
1491 1.0076 0.9721 0.9795
1492 1.0086 0.9745 0.9829
1493 1.0087 0.9721 0.9806
1494 1.0094 0.9721 0.9812
1495 1.0079 0.9745 0.9822
1496 1.0098 0.9674 0.9769
1497 1.0093 0.9674 0.9764
1498 1.0084 0.9698 0.9779
1499 1.0089 0.9698 0.9784
1500 1.0110 0.9674 0.9780
1501 1.0102 0.9698 0.9797
1502 1.0104 0.9674 0.9775
1503 1.0095 0.9698 0.9790
1504 1.0079 0.9789 0.9866
1505 1.0086 0.9767 0.9851
1506 1.0094 0.9767 0.9859
1507 1.0087 0.9789 0.9874
1508 1.0089 0.9811 0.9898
1509 1.0093 0.9832 0.9923
1510 1.0098 0.9811 0.9907
1511 1.0084 0.9832 0.9915
1512 1.0076 0.9832 0.9907
1513 1.0074 0.9811 0.9884
1514 1.0081 0.9811 0.9890
1515 1.0069 0.9832 0.9900
1516 1.0104 0.9789 0.9891
1517 1.0110 0.9767 0.9874
1518 1.0095 0.9789 0.9882
1519 1.0102 0.9767 0.9867
1520 1.0133 0.9674 0.9803
1521 1.0141 0.9674 0.9810
1522 1.0124 0.9698 0.9818
1523 1.0133 0.9699 0.9828
1524 1.0116 0.9722 0.9835
1525 1.0108 0.9745 0.9850
1526 1.0125 0.9722 0.9844
1527 1.0117 0.9745 0.9859
1528 1.0108 0.9698 0.9803
1529 1.0116 0.9698 0.9810
1530 1.0117 0.9674 0.9787
1531 1.0125 0.9674 0.9795
1532 1.0093 0.9745 0.9836
1533 1.0100 0.9722 0.9819
1534 1.0100 0.9745 0.9842
1535 1.0108 0.9722 0.9827
1536 1.0070 0.9858 0.9927
1537 1.0063 0.9858 0.9920
1538 1.0066 0.9878 0.9943
1539 1.0059 0.9878 0.9936
1540 1.0074 0.9878 0.9951
1541 1.0083 0.9878 0.9960
1542 1.0087 0.9858 0.9944
1543 1.0078 0.9858 0.9935
1544 1.0055 0.9898 0.9952
1545 1.0052 0.9917 0.9969
1546 1.0060 0.9917 0.9977
1547 1.0063 0.9898 0.9960
1548 1.0068 0.9917 0.9984
1549 1.0077 0.9917 0.9993
1550 1.0079 0.9898 0.9976
1551 1.0071 0.9898 0.9968
1552 1.0064 0.9954 1.0018
1553 1.0066 0.9936 1.0002
1554 1.0074 0.9936 1.0010
1555 1.0072 0.9954 1.0026
1556 1.0050 0.9936 0.9986
1557 1.0056 0.9954 1.0010
1558 1.0048 0.9954 1.0002
1559 1.0058 0.9936 0.9994
1560 1.0062 0.9989 1.0051
1561 1.0071 0.9989 1.0060
1562 1.0071 0.9972 1.0043
1563 1.0063 0.9972 1.0035
1564 1.0047 0.9989 1.0036
1565 1.0047 0.9972 1.0019
1566 1.0054 0.9989 1.0043
1567 1.0055 0.9972 1.0027
1568 1.0048 0.9898 0.9946
1569 1.0046 0.9917 0.9963
1570 1.0039 0.9917 0.9956
1571 1.0042 0.9898 0.9940
1572 1.0040 0.9878 0.9918
1573 1.0038 0.9858 0.9895
1574 1.0034 0.9878 0.9912
1575 1.0044 0.9858 0.9901
1576 1.0049 0.9858 0.9906
1577 1.0052 0.9878 0.9929
1578 1.0045 0.9878 0.9922
1579 1.0056 0.9858 0.9913
1580 1.0031 0.9898 0.9929
1581 1.0028 0.9917 0.9945
1582 1.0036 0.9898 0.9934
1583 1.0033 0.9917 0.9950
1584 1.0027 0.9989 1.0016
1585 1.0022 0.9989 1.0011
1586 1.0028 0.9972 1.0000
1587 1.0023 0.9972 0.9995
1588 1.0029 0.9954 0.9983
1589 1.0031 0.9936 0.9967
1590 1.0024 0.9954 0.9978
1591 1.0026 0.9936 0.9962
1592 1.0040 0.9972 1.0012
1593 1.0034 0.9972 1.0006
1594 1.0040 0.9989 1.0029
1595 1.0033 0.9989 1.0022
1596 1.0043 0.9936 0.9979
1597 1.0041 0.9954 0.9995
1598 1.0037 0.9936 0.9973
1599 1.0035 0.9954 0.9989
1600 1.0049 1.0115 1.0165
1601 1.0056 1.0115 1.0172
1602 1.0045 1.0101 1.0146
1603 1.0052 1.0101 1.0154
1604 1.0040 1.0101 1.0141
1605 1.0034 1.0101 1.0135
1606 1.0038 1.0115 1.0153
1607 1.0044 1.0115 1.0160
1608 1.0048 1.0087 1.0135
1609 1.0046 1.0073 1.0119
1610 1.0039 1.0073 1.0112
1611 1.0042 1.0087 1.0129
1612 1.0033 1.0073 1.0106
1613 1.0028 1.0073 1.0101
1614 1.0031 1.0087 1.0118
1615 1.0036 1.0087 1.0123
1616 1.0029 1.0043 1.0072
1617 1.0031 1.0058 1.0089
1618 1.0026 1.0058 1.0084
1619 1.0024 1.0043 1.0067
1620 1.0043 1.0058 1.0101
1621 1.0035 1.0043 1.0078
1622 1.0041 1.0043 1.0084
1623 1.0037 1.0058 1.0095
1624 1.0027 1.0011 1.0038
1625 1.0022 1.0011 1.0033
1626 1.0023 1.0027 1.0050
1627 1.0028 1.0027 1.0055
1628 1.0040 1.0011 1.0051
1629 1.0040 1.0027 1.0067
1630 1.0033 1.0011 1.0044
1631 1.0034 1.0027 1.0061
1632 1.0055 1.0087 1.0142
1633 1.0052 1.0073 1.0125
1634 1.0060 1.0073 1.0133
1635 1.0063 1.0087 1.0151
1636 1.0074 1.0101 1.0176
1637 1.0087 1.0114 1.0202
1638 1.0083 1.0101 1.0185
1639 1.0078 1.0115 1.0194
1640 1.0070 1.0115 1.0186
1641 1.0059 1.0101 1.0161
1642 1.0066 1.0101 1.0168
1643 1.0063 1.0115 1.0179
1644 1.0079 1.0087 1.0167
1645 1.0077 1.0073 1.0151
1646 1.0071 1.0087 1.0159
1647 1.0068 1.0073 1.0141
1648 1.0062 1.0011 1.0073
1649 1.0071 1.0011 1.0082
1650 1.0063 1.0027 1.0090
1651 1.0071 1.0027 1.0098
1652 1.0064 1.0043 1.0107
1653 1.0066 1.0058 1.0124
1654 1.0072 1.0043 1.0115
1655 1.0074 1.0058 1.0132
1656 1.0047 1.0027 1.0074
1657 1.0055 1.0027 1.0082
1658 1.0047 1.0011 1.0058
1659 1.0054 1.0011 1.0065
1660 1.0050 1.0058 1.0108
1661 1.0048 1.0043 1.0091
1662 1.0058 1.0058 1.0116
1663 1.0056 1.0043 1.0099
1664 1.0076 1.0131 1.0208
1665 1.0069 1.0131 1.0201
1666 1.0081 1.0143 1.0225
1667 1.0074 1.0143 1.0218
1668 1.0089 1.0143 1.0233
1669 1.0098 1.0143 1.0242
1670 1.0093 1.0131 1.0225
1671 1.0084 1.0131 1.0216
1672 1.0079 1.0155 1.0235
1673 1.0086 1.0167 1.0254
1674 1.0094 1.0167 1.0263
1675 1.0087 1.0155 1.0243
1676 1.0102 1.0167 1.0271
1677 1.0110 1.0166 1.0278
1678 1.0104 1.0155 1.0261
1679 1.0095 1.0155 1.0251
1680 1.0116 1.0188 1.0306
1681 1.0108 1.0177 1.0287
1682 1.0117 1.0177 1.0296
1683 1.0125 1.0188 1.0315
1684 1.0093 1.0177 1.0272
1685 1.0108 1.0188 1.0298
1686 1.0100 1.0188 1.0290
1687 1.0100 1.0177 1.0279
1688 1.0133 1.0207 1.0343
1689 1.0141 1.0207 1.0351
1690 1.0133 1.0198 1.0334
1691 1.0124 1.0198 1.0324
1692 1.0117 1.0207 1.0326
1693 1.0108 1.0198 1.0308
1694 1.0125 1.0207 1.0335
1695 1.0116 1.0198 1.0316
1696 1.0073 1.0155 1.0229
1697 1.0079 1.0167 1.0247
1698 1.0073 1.0167 1.0241
1699 1.0066 1.0155 1.0222
1700 1.0055 1.0143 1.0199
1701 1.0044 1.0131 1.0176
1702 1.0050 1.0143 1.0194
1703 1.0050 1.0131 1.0182
1704 1.0055 1.0131 1.0187
1705 1.0067 1.0143 1.0211
1706 1.0060 1.0143 1.0204
1707 1.0062 1.0131 1.0194
1708 1.0055 1.0155 1.0211
1709 1.0062 1.0167 1.0230
1710 1.0060 1.0155 1.0216
1711 1.0067 1.0167 1.0235
1712 1.0098 1.0207 1.0307
1713 1.0093 1.0207 1.0302
1714 1.0089 1.0198 1.0289
1715 1.0084 1.0198 1.0284
1716 1.0081 1.0188 1.0271
1717 1.0074 1.0178 1.0253
1718 1.0076 1.0188 1.0265
1719 1.0069 1.0178 1.0248
1720 1.0102 1.0198 1.0302
1721 1.0095 1.0198 1.0295
1722 1.0110 1.0207 1.0319
1723 1.0104 1.0207 1.0313
1724 1.0086 1.0177 1.0265
1725 1.0094 1.0188 1.0284
1726 1.0079 1.0177 1.0257
1727 1.0087 1.0188 1.0277
1728 1.0196 1.0268 1.0469
1729 1.0203 1.0268 1.0476
1730 1.0183 1.0263 1.0451
1731 1.0190 1.0263 1.0458
1732 1.0177 1.0263 1.0445
1733 1.0172 1.0263 1.0440
1734 1.0185 1.0268 1.0458
1735 1.0190 1.0268 1.0463
1736 1.0177 1.0257 1.0439
1737 1.0165 1.0250 1.0419
1738 1.0158 1.0250 1.0412
1739 1.0170 1.0257 1.0431
1740 1.0152 1.0250 1.0406
1741 1.0147 1.0250 1.0401
1742 1.0159 1.0257 1.0420
1743 1.0165 1.0257 1.0426
1744 1.0130 1.0235 1.0368
1745 1.0141 1.0243 1.0387
1746 1.0136 1.0243 1.0382
1747 1.0125 1.0235 1.0363
1748 1.0153 1.0243 1.0400
1749 1.0136 1.0235 1.0374
1750 1.0142 1.0235 1.0380
1751 1.0147 1.0243 1.0394
1752 1.0110 1.0219 1.0331
1753 1.0104 1.0219 1.0325
1754 1.0114 1.0227 1.0344
1755 1.0120 1.0227 1.0350
1756 1.0122 1.0219 1.0344
1757 1.0132 1.0227 1.0362
1758 1.0115 1.0219 1.0337
1759 1.0125 1.0227 1.0355
1760 1.0184 1.0257 1.0446
1761 1.0172 1.0250 1.0426
1762 1.0179 1.0250 1.0433
1763 1.0191 1.0256 1.0452
1764 1.0212 1.0263 1.0481
1765 1.0234 1.0268 1.0508
1766 1.0221 1.0263 1.0490
1767 1.0225 1.0268 1.0499
1768 1.0217 1.0268 1.0491
1769 1.0197 1.0263 1.0465
1770 1.0204 1.0263 1.0472
1771 1.0210 1.0268 1.0484
1772 1.0208 1.0256 1.0469
1773 1.0196 1.0250 1.0451
1774 1.0199 1.0256 1.0460
1775 1.0187 1.0250 1.0442
1776 1.0144 1.0219 1.0366
1777 1.0153 1.0219 1.0375
1778 1.0154 1.0227 1.0384
1779 1.0163 1.0227 1.0394
1780 1.0165 1.0235 1.0404
1781 1.0176 1.0243 1.0423
1782 1.0173 1.0235 1.0412
1783 1.0184 1.0243 1.0431
1784 1.0139 1.0227 1.0369
1785 1.0146 1.0227 1.0376
1786 1.0129 1.0219 1.0351
1787 1.0136 1.0219 1.0358
1788 1.0160 1.0243 1.0407
1789 1.0149 1.0235 1.0388
1790 1.0168 1.0243 1.0415
1791 1.0157 1.0235 1.0396
1792 1.0125 0.9832 0.9955
1793 1.0136 0.9832 0.9966
1794 1.0130 0.9811 0.9939
1795 1.0141 0.9811 0.9949
1796 1.0120 0.9811 0.9929
1797 1.0110 0.9811 0.9919
1798 1.0104 0.9832 0.9934
1799 1.0114 0.9832 0.9944
1800 1.0147 0.9790 0.9934
1801 1.0153 0.9767 0.9916
1802 1.0142 0.9767 0.9906
1803 1.0136 0.9789 0.9922
1804 1.0132 0.9767 0.9896
1805 1.0122 0.9767 0.9886
1806 1.0115 0.9789 0.9902
1807 1.0125 0.9789 0.9911
1808 1.0146 0.9722 0.9864
1809 1.0139 0.9745 0.9880
1810 1.0129 0.9745 0.9871
1811 1.0136 0.9722 0.9854
1812 1.0160 0.9745 0.9901
1813 1.0157 0.9722 0.9875
1814 1.0168 0.9722 0.9885
1815 1.0149 0.9745 0.9890
1816 1.0163 0.9675 0.9833
1817 1.0153 0.9675 0.9823
1818 1.0144 0.9699 0.9839
1819 1.0154 0.9699 0.9848
1820 1.0184 0.9675 0.9853
1821 1.0176 0.9699 0.9870
1822 1.0173 0.9675 0.9842
1823 1.0165 0.9699 0.9859
1824 1.0158 0.9790 0.9945
1825 1.0165 0.9768 0.9929
1826 1.0177 0.9768 0.9941
1827 1.0170 0.9790 0.9956
1828 1.0177 0.9812 0.9986
1829 1.0185 0.9833 1.0015
1830 1.0190 0.9812 0.9998
1831 1.0172 0.9833 1.0002
1832 1.0159 0.9833 0.9989
1833 1.0152 0.9811 0.9960
1834 1.0165 0.9811 0.9973
1835 1.0147 0.9832 0.9977
1836 1.0196 0.9790 0.9982
1837 1.0203 0.9768 0.9966
1838 1.0183 0.9790 0.9969
1839 1.0190 0.9768 0.9954
1840 1.0221 0.9675 0.9889
1841 1.0234 0.9675 0.9901
1842 1.0212 0.9699 0.9905
1843 1.0225 0.9699 0.9917
1844 1.0204 0.9723 0.9921
1845 1.0197 0.9745 0.9937
1846 1.0217 0.9723 0.9934
1847 1.0210 0.9745 0.9950
1848 1.0187 0.9699 0.9880
1849 1.0199 0.9699 0.9892
1850 1.0196 0.9675 0.9865
1851 1.0208 0.9675 0.9876
1852 1.0172 0.9745 0.9913
1853 1.0179 0.9722 0.9896
1854 1.0184 0.9745 0.9924
1855 1.0191 0.9723 0.9909
1856 1.0154 0.9858 1.0010
1857 1.0141 0.9858 0.9997
1858 1.0149 0.9879 1.0026
1859 1.0137 0.9879 1.0014
1860 1.0162 0.9879 1.0039
1861 1.0175 0.9879 1.0052
1862 1.0179 0.9859 1.0035
1863 1.0166 0.9859 1.0023
1864 1.0134 0.9898 1.0031
1865 1.0131 0.9917 1.0047
1866 1.0143 0.9918 1.0060
1867 1.0146 0.9898 1.0043
1868 1.0156 0.9918 1.0073
1869 1.0169 0.9918 1.0086
1870 1.0172 0.9898 1.0068
1871 1.0159 0.9898 1.0055
1872 1.0152 0.9954 1.0105
1873 1.0154 0.9936 1.0089
1874 1.0167 0.9936 1.0102
1875 1.0165 0.9954 1.0118
1876 1.0129 0.9936 1.0064
1877 1.0139 0.9954 1.0092
1878 1.0127 0.9954 1.0080
1879 1.0141 0.9936 1.0076
1880 1.0150 0.9989 1.0139
1881 1.0163 0.9989 1.0152
1882 1.0164 0.9972 1.0136
1883 1.0151 0.9972 1.0123
1884 1.0125 0.9989 1.0114
1885 1.0126 0.9972 1.0098
1886 1.0137 0.9989 1.0126
1887 1.0138 0.9972 1.0110
1888 1.0122 0.9898 1.0019
1889 1.0120 0.9917 1.0036
1890 1.0109 0.9917 1.0025
1891 1.0111 0.9898 1.0008
1892 1.0104 0.9878 0.9981
1893 1.0099 0.9858 0.9956
1894 1.0095 0.9878 0.9972
1895 1.0108 0.9858 0.9964
1896 1.0119 0.9858 0.9975
1897 1.0126 0.9879 1.0003
1898 1.0115 0.9878 0.9992
1899 1.0130 0.9858 0.9986
1900 1.0091 0.9898 0.9988
1901 1.0088 0.9917 1.0004
1902 1.0101 0.9898 0.9998
1903 1.0098 0.9917 1.0014
1904 1.0092 0.9989 1.0081
1905 1.0082 0.9989 1.0071
1906 1.0093 0.9972 1.0065
1907 1.0083 0.9972 1.0055
1908 1.0094 0.9954 1.0048
1909 1.0096 0.9936 1.0031
1910 1.0084 0.9954 1.0038
1911 1.0086 0.9936 1.0021
1912 1.0114 0.9972 1.0086
1913 1.0103 0.9972 1.0075
1914 1.0114 0.9989 1.0103
1915 1.0103 0.9989 1.0092
1916 1.0117 0.9936 1.0052
1917 1.0115 0.9954 1.0068
1918 1.0106 0.9936 1.0041
1919 1.0104 0.9954 1.0058
1920 1.0119 1.0114 1.0234
1921 1.0130 1.0114 1.0245
1922 1.0115 1.0101 1.0217
1923 1.0126 1.0101 1.0228
1924 1.0104 1.0101 1.0206
1925 1.0095 1.0101 1.0197
1926 1.0099 1.0114 1.0214
1927 1.0108 1.0114 1.0223
1928 1.0122 1.0087 1.0210
1929 1.0120 1.0073 1.0194
1930 1.0109 1.0073 1.0183
1931 1.0111 1.0087 1.0199
1932 1.0098 1.0073 1.0172
1933 1.0088 1.0073 1.0162
1934 1.0091 1.0087 1.0179
1935 1.0101 1.0087 1.0189
1936 1.0094 1.0043 1.0137
1937 1.0096 1.0058 1.0155
1938 1.0086 1.0058 1.0144
1939 1.0084 1.0043 1.0127
1940 1.0117 1.0058 1.0176
1941 1.0104 1.0043 1.0147
1942 1.0115 1.0043 1.0158
1943 1.0106 1.0058 1.0165
1944 1.0092 1.0011 1.0103
1945 1.0082 1.0011 1.0093
1946 1.0083 1.0027 1.0110
1947 1.0093 1.0027 1.0120
1948 1.0114 1.0011 1.0125
1949 1.0114 1.0027 1.0141
1950 1.0103 1.0011 1.0114
1951 1.0103 1.0027 1.0130
1952 1.0134 1.0087 1.0222
1953 1.0131 1.0073 1.0205
1954 1.0143 1.0072 1.0216
1955 1.0146 1.0087 1.0234
1956 1.0162 1.0101 1.0265
1957 1.0179 1.0114 1.0295
1958 1.0175 1.0101 1.0278
1959 1.0166 1.0114 1.0282
1960 1.0154 1.0114 1.0270
1961 1.0137 1.0101 1.0239
1962 1.0149 1.0101 1.0252
1963 1.0141 1.0114 1.0257
1964 1.0172 1.0087 1.0260
1965 1.0169 1.0072 1.0242
1966 1.0159 1.0087 1.0247
1967 1.0156 1.0072 1.0229
1968 1.0150 1.0011 1.0161
1969 1.0163 1.0011 1.0174
1970 1.0151 1.0027 1.0178
1971 1.0164 1.0027 1.0191
1972 1.0152 1.0043 1.0196
1973 1.0154 1.0058 1.0213
1974 1.0165 1.0043 1.0209
1975 1.0167 1.0058 1.0226
1976 1.0126 1.0027 1.0153
1977 1.0138 1.0027 1.0165
1978 1.0125 1.0011 1.0136
1979 1.0137 1.0011 1.0148
1980 1.0129 1.0058 1.0188
1981 1.0127 1.0043 1.0171
1982 1.0141 1.0058 1.0200
1983 1.0139 1.0043 1.0183
1984 1.0159 1.0131 1.0292
1985 1.0147 1.0131 1.0280
1986 1.0165 1.0143 1.0310
1987 1.0152 1.0143 1.0297
1988 1.0177 1.0143 1.0323
1989 1.0190 1.0143 1.0336
1990 1.0185 1.0131 1.0318
1991 1.0172 1.0131 1.0305
1992 1.0158 1.0155 1.0315
1993 1.0165 1.0166 1.0334
1994 1.0177 1.0166 1.0346
1995 1.0170 1.0155 1.0328
1996 1.0190 1.0166 1.0359
1997 1.0203 1.0166 1.0372
1998 1.0196 1.0155 1.0354
1999 1.0183 1.0155 1.0341
2000 1.0204 1.0188 1.0396
2001 1.0197 1.0177 1.0377
2002 1.0210 1.0177 1.0391
2003 1.0217 1.0188 1.0409
2004 1.0172 1.0177 1.0352
2005 1.0191 1.0188 1.0383
2006 1.0179 1.0188 1.0370
2007 1.0184 1.0177 1.0364
2008 1.0221 1.0207 1.0433
2009 1.0234 1.0207 1.0446
2010 1.0225 1.0197 1.0426
2011 1.0212 1.0197 1.0413
2012 1.0196 1.0207 1.0407
2013 1.0187 1.0198 1.0389
2014 1.0208 1.0207 1.0419
2015 1.0199 1.0198 1.0401
2016 1.0147 1.0155 1.0304
2017 1.0153 1.0166 1.0322
2018 1.0142 1.0166 1.0310
2019 1.0136 1.0155 1.0293
2020 1.0120 1.0143 1.0265
2021 1.0104 1.0131 1.0236
2022 1.0110 1.0143 1.0255
2023 1.0114 1.0131 1.0246
2024 1.0125 1.0131 1.0258
2025 1.0141 1.0143 1.0286
2026 1.0130 1.0143 1.0275
2027 1.0136 1.0131 1.0269
2028 1.0115 1.0155 1.0272
2029 1.0122 1.0166 1.0290
2030 1.0125 1.0155 1.0282
2031 1.0132 1.0166 1.0300
2032 1.0163 1.0207 1.0373
2033 1.0153 1.0207 1.0363
2034 1.0154 1.0198 1.0355
2035 1.0144 1.0198 1.0345
2036 1.0146 1.0188 1.0337
2037 1.0139 1.0177 1.0318
2038 1.0136 1.0188 1.0327
2039 1.0129 1.0177 1.0308
2040 1.0176 1.0198 1.0377
2041 1.0165 1.0198 1.0366
2042 1.0184 1.0207 1.0395
2043 1.0173 1.0207 1.0384
2044 1.0160 1.0177 1.0340
2045 1.0168 1.0188 1.0359
2046 1.0149 1.0177 1.0329
2047 1.0157 1.0188 1.0348
