#time pulse fit
0   0.735274   0
1   -0.735314   0
2   -1.83825   0
3   -0.661784   0
4   -0.367667   0
5   -1.61767   0
6   -0.882373   0
7   -1.10296   0
8   -2.64708   0
9   -3.67649   0
10   -7.35296   0
11   -2.9412   0
12   -5.22061   0
13   -9.7059   0
14   -8.08825   0
15   -3.89708   0
16   -4.33825   0
17   -4.7059   0
18   -3.30884   0
19   -4.77943   0
20   -3.89708   0
21   0.735274   0
22   0.735274   0
23   -0.441196   0
24   -1.54414   0
25   -2.72061   0
26   -3.16178   0
27   -3.75002   0
28   -3.01473   0
29   -3.52943   0
30   -0.588255   0
31   -3.38237   0
32   -8.75002   -0.000163932
33   -3.97061   -0.00111883
34   -3.01473   -0.00599112
35   4.63233   -0.0169638
36   13.0147   0.337634
37   46.3235   6.02695
38   85.5147   39.9228
39   301.691   144.587
40   416.618   344.06
41   752.868   608.068
42   941.471   869.656
43   1154.04   1069.43
44   1205.15   1180.24
45   1213.16   1204.7
46   1150.74   1161.45
47   1007.21   1072.95
48   921.912   958.957
49   727.426   834.255
50   625.147   708.855
51   537.279   588.982
52   371.912   478.162
53   326.103   378.119
54   262.059   289.425
55   182.794   211.935
56   144.559   145.083
57   74.5588   88.0718
58   36.7647   39.9877
59   -5.58825   -0.116529
60   -25.7353   -33.1744
61   -60.7353   -60.0748
62   -77.5   -81.6442
63   -103.162   -98.6369
64   -115.809   -111.731
65   -128.824   -121.531
66   -139.191   -128.566
67   -143.897   -133.298
68   -147.426   -136.13
69   -147.574   -137.403
70   -156.103   -137.411
71   -150.809   -136.404
72   -150.221   -134.591
73   -141.912   -132.149
74   -143.824   -129.225
75   -139.853   -125.94
76   -133.971   -122.396
77   -133.309   -118.676
78   -131.691   -114.846
79   -127.574   -110.962
80   -124.485   -107.068
81   -117.721   -103.198
82   -111.544   -99.3802
83   -82.5   -95.6354
84   -70   -91.98
85   -74.4853   -88.4258
86   -67.5   -84.9815
87   -63.4559   -81.6527
88   -61.9118   -78.443
89   -50.7353   -75.354
90   -50.8824   -72.386
91   -41.3971   -69.5379
92   -41.7647   -66.808
93   -38.5294   -64.1938
94   -30.9559   -61.6922
95   -27.1324   -59.2998
