# FWpos | Transmission | Transmission standard error of mean
1.000000000000000000e+02 3.946855591846724768e-05 2.975252868595655000e-06
2.000000000000000000e+02 4.361789947591815863e-05 3.490022587690036582e-06
3.000000000000000000e+02 5.832640732569416688e-05 4.840008850404427267e-07
3.250000000000000000e+02 6.284827713662861979e-05 4.875095819521135432e-07
3.500000000000000000e+02 6.689237426459500584e-05 5.331943854825395262e-07
3.750000000000000000e+02 7.428593032631121158e-05 5.529854125747209178e-07
4.000000000000000000e+02 8.017659733655075986e-05 5.840956924515968722e-07
4.250000000000000000e+02 8.748670961659894352e-05 5.856907486429216833e-07
4.500000000000000000e+02 9.684900941230144419e-05 5.889010806635060929e-07
4.750000000000000000e+02 1.043054389193839095e-04 6.605330506218723187e-07
5.000000000000000000e+02 1.115952993344217155e-04 6.554363780280647839e-07
5.250000000000000000e+02 1.199260346208176636e-04 7.108296924805459985e-07
5.500000000000000000e+02 1.302429553942375769e-04 7.397322084038886386e-07
5.750000000000000000e+02 1.397892118059604382e-04 7.562065728175223977e-07
6.000000000000000000e+02 1.505677255653068076e-04 7.943200246927487176e-07
6.250000000000000000e+02 1.637117444284404187e-04 8.447824353890527843e-07
6.500000000000000000e+02 1.775914548332249037e-04 8.666363484079542786e-07
6.750000000000000000e+02 1.897676028280927834e-04 8.874164798120261615e-07
7.000000000000000000e+02 2.018950508935964702e-04 8.831506185270708923e-07
7.250000000000000000e+02 2.180623264927432554e-04 9.111123962704262997e-07
7.500000000000000000e+02 2.327009102541307964e-04 9.384654856639123042e-07
7.750000000000000000e+02 2.477901607995460528e-04 1.022487698653614463e-06
8.000000000000000000e+02 2.661882756075502842e-04 1.015940190610668805e-06
8.250000000000000000e+02 2.858170457323154544e-04 1.059942527025973427e-06
8.500000000000000000e+02 3.005044407446591883e-04 3.501171444705408827e-06
8.750000000000000000e+02 3.276297378161444605e-04 3.665355594211796087e-06
9.000000000000000000e+02 3.529063289007121655e-04 3.833321549114802112e-06
9.250000000000000000e+02 3.810355694063021111e-04 3.880126953831310495e-06
9.500000000000000000e+02 4.005294692004451526e-04 4.114619034855669901e-06
9.750000000000000000e+02 4.184366372356253813e-04 4.183993601250597304e-06
1.000000000000000000e+03 4.421841263781469680e-04 4.287011197063256056e-06
1.025000000000000000e+03 4.759658167962382445e-04 4.671473503802978971e-06
1.050000000000000000e+03 5.106190894634561996e-04 4.643264655193323710e-06
1.075000000000000000e+03 5.533833340256358833e-04 4.779643771818674718e-06
1.100000000000000000e+03 5.943505947158817925e-04 4.945783291730890960e-06
1.125000000000000000e+03 6.347656686214530426e-04 5.343761525207364320e-06
1.150000000000000000e+03 6.789073825402761183e-04 5.705474700601188376e-06
1.175000000000000000e+03 7.351130357823436887e-04 5.848931871034959712e-06
1.200000000000000000e+03 7.987060512006073859e-04 7.600690113964828074e-06
1.225000000000000000e+03 8.522465646633439404e-04 8.237078023283640722e-06
1.250000000000000000e+03 9.117507874903790213e-04 8.133057629318085898e-06
1.275000000000000000e+03 9.868405188919822293e-04 8.746808428586917095e-06
1.300000000000000000e+03 1.047298598532857500e-03 8.733049771565330423e-06
1.325000000000000000e+03 1.131003624609701200e-03 9.192294960360507803e-06
1.350000000000000000e+03 1.226782905246191855e-03 9.226783513010616841e-06
1.375000000000000000e+03 1.318553360955280508e-03 1.024623017820759786e-05
1.400000000000000000e+03 1.432950901510794293e-03 3.330875067770137633e-05
1.500000000000000000e+03 2.293474963213909014e-03 3.406632941126682757e-05
1.525000000000000000e+03 2.550873299947227588e-03 3.885540373214468028e-05
1.550000000000000000e+03 2.868570318247623974e-03 3.909520554319679284e-05
1.575000000000000000e+03 3.174845119334919474e-03 4.135845624484420447e-05
1.600000000000000000e+03 3.408867755725152049e-03 4.159312730550398818e-05
1.625000000000000000e+03 3.854865492954726806e-03 4.361845497845142706e-05
1.650000000000000000e+03 4.215329417564993297e-03 4.715949755574848091e-05
1.675000000000000000e+03 4.647514240955559484e-03 4.871040711022637561e-05
1.700000000000000000e+03 5.278126884304935006e-03 5.009136174331575459e-05
1.725000000000000000e+03 5.817096156990780517e-03 5.537212303619888903e-05
1.750000000000000000e+03 6.450630762883362984e-03 5.632086392095135455e-05
1.775000000000000000e+03 7.318453638125175902e-03 6.298581747445242292e-05
1.800000000000000000e+03 8.081617127739680953e-03 6.505993512795209841e-05
1.800000000000000000e+03 8.081617127739679218e-03 6.147201120628458155e-05
1.825000000000000000e+03 8.915971438630730661e-03 6.445451354237571450e-05
1.850000000000000000e+03 9.855482544907328071e-03 7.116262031197200248e-05
1.875000000000000000e+03 1.101717533172279911e-02 7.299865830918866373e-05
1.900000000000000000e+03 1.202320294111796327e-02 7.902628219232889684e-05
1.925000000000000000e+03 1.320421587406825012e-02 8.347229387687418690e-05
1.950000000000000000e+03 1.496648920355926442e-02 8.522420165042397507e-05
1.975000000000000000e+03 1.674421864995858864e-02 9.420254847793391834e-05
2.000000000000000000e+03 1.833095465172177030e-02 9.909580809105523818e-05
2.025000000000000000e+03 1.997206306474838197e-02 1.007111252083432240e-04
2.050000000000000000e+03 2.238156128972887057e-02 1.061564866418279274e-04
2.075000000000000000e+03 2.468949074646495032e-02 1.172849113301899796e-04
2.100000000000000000e+03 2.741059532838123827e-02 1.195471514356722965e-04
2.125000000000000000e+03 3.030337320880489849e-02 1.262542025122942479e-04
2.150000000000000000e+03 3.388615630830193320e-02 1.261102883508984670e-04
2.175000000000000000e+03 3.725834981494364345e-02 1.382003844409169515e-04
2.200000000000000000e+03 4.262659041932213150e-02 1.379450296890177320e-04
2.225000000000000000e+03 4.707077603432846535e-02 1.517641186358268356e-04
2.250000000000000000e+03 5.147632135707454898e-02 1.607275509063203669e-04
2.275000000000000000e+03 5.680150563581338324e-02 1.730358481540986430e-04
2.300000000000000000e+03 6.258706139673246571e-02 1.773069041005079325e-04
2.325000000000000000e+03 6.961214253322005330e-02 1.947647783668225957e-04
2.350000000000000000e+03 7.641117795995623629e-02 1.966585143932624415e-04
2.375000000000000000e+03 8.358447221754210232e-02 2.134694421032949576e-04
2.400000000000000000e+03 9.195865155844605565e-02 2.196708683469198299e-04
2.425000000000000000e+03 1.012174175902498668e-01 2.332086136128730717e-04
2.450000000000000000e+03 1.109210989873583436e-01 2.438594218513303680e-04
2.475000000000000000e+03 1.214042102799936101e-01 2.640642037085495926e-04
2.500000000000000000e+03 1.334116811027032390e-01 2.701719365475639873e-04
2.525000000000000000e+03 1.470329361319050454e-01 2.933451453113745098e-04
2.550000000000000000e+03 1.625141692298023854e-01 3.264580189965296205e-04
2.575000000000000000e+03 1.792349277034058219e-01 3.311176548117067777e-04
2.600000000000000000e+03 1.957373685257937090e-01 3.477731338135780083e-04
2.625000000000000000e+03 2.146219833667808163e-01 3.770209951893660743e-04
2.650000000000000000e+03 2.366328738547271715e-01 3.872834723656363369e-04
2.675000000000000000e+03 2.581684887479300805e-01 3.997427443587049049e-04
2.700000000000000000e+03 2.805577780984375713e-01 4.610966420314461600e-04
2.725000000000000000e+03 3.119096832416783927e-01 4.559509527507623412e-04
2.750000000000000000e+03 3.442908001702077447e-01 4.747266555723075074e-04
2.775000000000000000e+03 3.842625265141636492e-01 5.232784875752609409e-04
2.800000000000000000e+03 4.283469599671567152e-01 5.751142767229901675e-04
2.825000000000000000e+03 4.774722955502645472e-01 6.462385459840508731e-04
2.850000000000000000e+03 5.240404717919638911e-01 6.717306048858320095e-04
2.875000000000000000e+03 5.684445156649777786e-01 7.010915654465908493e-04
2.900000000000000000e+03 6.157454774512048923e-01 7.951731578104527867e-04
2.925000000000000000e+03 6.687108300841624331e-01 8.013392465648118412e-04
2.950000000000000000e+03 7.418160550581200940e-01 8.923263950470338574e-04
2.975000000000000000e+03 9.123260048178131187e-01 1.063360554006088357e-03
3.000000000000000000e+03 9.947098679843831004e-01 1.081181497284876107e-03
3.025000000000000000e+03 1.000000000000000000e+00 1.100162997639989515e-03
#3.050000000000000000e+03 9.973258157719341321e-01 1.149867175700362192e-03
#3.075000000000000000e+03 9.940002666168175072e-01 1.096914606011644561e-03
#3.100000000000000000e+03 9.957545358864592355e-01 1.123075523296120700e-03
#3.125000000000000000e+03 9.936105516689360817e-01 1.104498621089936841e-03
#3.150000000000000000e+03 9.903628351025651755e-01 1.134845306313802225e-03
#3.175000000000000000e+03 9.892130104050647077e-01 1.127989405955386526e-03
#3.200000000000000000e+03 9.896027253529451340e-01 1.083740926615055656e-03
#3.225000000000000000e+03 9.894351920856906402e-01 1.134278319616062632e-03
#3.250000000000000000e+03 9.849868664376836280e-01 1.163246270104959608e-03
#3.275000000000000000e+03 9.864215252897233777e-01 1.113675813553841433e-03
#3.300000000000000000e+03 9.865346861456943950e-01 1.131065131628721486e-03
#3.325000000000000000e+03 9.829245788381385518e-01 1.161631051322540176e-03
#3.350000000000000000e+03 9.808973435037375843e-01 1.106724980984996045e-03
#3.375000000000000000e+03 9.789520807893951071e-01 1.064132485121503050e-03
#3.400000000000000000e+03 9.827763657170258682e-01 1.114069772044316798e-03
#3.425000000000000000e+03 9.784685251316869170e-01 1.080436591083175834e-03
#3.450000000000000000e+03 9.795874375953564916e-01 1.073914288498201489e-03
#3.475000000000000000e+03 9.778097081482686193e-01 1.134913238438383385e-03
#3.500000000000000000e+03 9.732835499115419786e-01 1.121770616537433101e-03
#3.525000000000000000e+03 9.743712741392953625e-01 1.089178805432959368e-03
#3.550000000000000000e+03 9.772637760187330436e-01 1.082157615511299738e-03
#3.575000000000000000e+03 9.670536307872553694e-01 1.088667971493774726e-03
#3.600000000000000000e+03 9.787765434615969262e-01 1.072736084532132945e-03
#3.625000000000000000e+03 9.771936714884488229e-01 1.122071011705343601e-03
#3.650000000000000000e+03 9.730533641703731362e-01 1.115401737362304701e-03
#3.675000000000000000e+03 9.782112911859196513e-01 1.112544621976132306e-03
#3.700000000000000000e+03 9.779344610919236125e-01 1.116966507693171844e-03
#3.725000000000000000e+03 9.781916950376906561e-01 1.106318173597432234e-03
#3.750000000000000000e+03 9.768544649226252874e-01 1.113678939970495644e-03
#3.775000000000000000e+03 9.779968375637514422e-01 1.123163330547109371e-03
#3.800000000000000000e+03 9.786321943697126047e-01 1.108157376629628765e-03
#3.825000000000000000e+03 9.725896806629827918e-01 1.092472103451746449e-03
#3.850000000000000000e+03 9.713691994310309497e-01 1.116213688415641130e-03
#3.875000000000000000e+03 9.764647499747469706e-01 1.108512524556739707e-03
#3.900000000000000000e+03 9.759345499642124722e-01 1.051410321025478137e-03
#3.925000000000000000e+03 9.751471160079110412e-01 1.109255338535585379e-03
#3.950000000000000000e+03 9.752989171561641246e-01 1.123741899996751102e-03
#3.975000000000000000e+03 9.785035773968289163e-01 1.124226296486895886e-03
#4.000000000000000000e+03 9.763946454444627499e-01 1.092515462560129805e-03
#4.025000000000000000e+03 9.193433578982457277e-01 1.034870489362939511e-03
#4.050000000000000000e+03 3.199250598693936798e-01 4.767385454179546580e-04
#4.075000000000000000e+03 4.179223610810361630e-03 3.671352264742381270e-05
